Period 	 T100 	 T0 
120 	 3.740000 	 2.747000 
Point Number 	 Temperature 
0 	 51.997309 
 1 	 51.615596 
 2 	 51.927907 
 3 	 52.014660 
 4 	 51.910556 
 5 	 51.979958 
 6 	 51.632947 
 7 	 51.563544 
 8 	 51.910556 
 9 	 51.979958 
 10 	 51.979958 
 11 	 51.962608 
 12 	 51.962608 
 13 	 51.580895 
 14 	 51.615596 
 15 	 51.615596 
 16 	 51.580895 
 17 	 51.962608 
 18 	 51.580895 
 19 	 51.598245 
 20 	 51.997309 
 21 	 51.910556 
 22 	 51.875855 
 23 	 51.979958 
 24 	 51.580895 
 25 	 51.945257 
 26 	 51.997309 
 27 	 51.615596 
 28 	 51.598245 
 29 	 51.598245 
 30 	 51.615596 
 31 	 51.598245 
 32 	 51.580895 
 33 	 51.997309 
 34 	 52.118763 
 35 	 51.910556 
 36 	 51.875855 
 37 	 51.598245 
 38 	 51.546194 
 39 	 51.858504 
 40 	 51.598245 
 41 	 51.580895 
 42 	 51.997309 
 43 	 51.563544 
 44 	 51.580895 
 45 	 51.927907 
 46 	 51.563544 
 47 	 51.563544 
 48 	 51.893205 
 49 	 51.979958 
 50 	 51.563544 
 51 	 51.841154 
 52 	 51.858504 
 53 	 51.528843 
 54 	 51.528843 
 55 	 51.546194 
 56 	 51.598245 
 57 	 51.511492 
 58 	 51.528843 
 59 	 51.945257 
 60 	 51.858504 
 61 	 51.858504 
 62 	 51.511492 
 63 	 51.823803 
 64 	 51.702349 
 65 	 51.841154 
 66 	 51.927907 
 67 	 51.511492 
 68 	 51.494142 
 69 	 51.910556 
 70 	 51.494142 
 71 	 51.476791 
 72 	 51.476791 
 73 	 51.459441 
 74 	 51.823803 
 75 	 51.459441 
 76 	 51.789102 
 77 	 51.789102 
 78 	 51.442090 
 79 	 51.459441 
 80 	 51.442090 
 81 	 51.789102 
 82 	 51.754401 
 83 	 51.702349 
 84 	 51.823803 
 85 	 51.459441 
 86 	 51.771751 
 87 	 51.442090 
 88 	 51.754401 
 89 	 51.424739 
 90 	 51.771751 
 91 	 51.737050 
 92 	 51.823803 
 93 	 51.771751 
 94 	 51.806453 
 95 	 51.789102 
 96 	 51.754401 
 97 	 51.754401 
 98 	 51.390038 
 99 	 51.511492 
 100 	 51.372688 
 101 	 51.355337 
 102 	 51.372688 
 103 	 51.771751 
 104 	 51.719700 
 105 	 51.650297 
 106 	 51.337987 
 107 	 51.303285 
 108 	 51.719700 
 109 	 51.667648 
 110 	 51.667648 
 111 	 51.303285 
 112 	 51.737050 
 113 	 51.823803 
 114 	 51.719700 
 115 	 51.615596 
 116 	 51.251234 
 117 	 51.667648 
 118 	 51.684998 
 119 	 51.598245 
 120 	 51.285935 
 121 	 51.268584 
 122 	 51.632947 
 123 	 51.199182 
 124 	 51.598245 
 125 	 51.199182 
 126 	 51.598245 
 127 	 51.546194 
 128 	 51.199182 
 129 	 51.216532 
 130 	 51.233883 
 131 	 51.199182 
 132 	 51.181831 
 133 	 51.199182 
 134 	 51.164481 
 135 	 51.147130 
 136 	 51.546194 
 137 	 51.580895 
 138 	 51.199182 
 139 	 51.129779 
 140 	 51.528843 
 141 	 51.147130 
 142 	 51.476791 
 143 	 51.459441 
 144 	 51.112429 
 145 	 51.129779 
 146 	 51.095078 
 147 	 51.112429 
 148 	 51.390038 
 149 	 51.077728 
 150 	 51.112429 
 151 	 51.095078 
 152 	 51.476791 
 153 	 51.459441 
 154 	 51.390038 
 155 	 51.442090 
 156 	 51.025676 
 157 	 50.990975 
 158 	 51.355337 
 159 	 51.008325 
 160 	 50.990975 
 161 	 51.303285 
 162 	 50.973624 
 163 	 50.990975 
 164 	 51.285935 
 165 	 51.043026 
 166 	 50.938923 
 167 	 50.938923 
 168 	 51.233883 
 169 	 50.904222 
 170 	 50.921572 
 171 	 51.251234 
 172 	 51.233883 
 173 	 50.852170 
 174 	 51.285935 
 175 	 50.852170 
 176 	 51.216532 
 177 	 50.869521 
 178 	 51.181831 
 179 	 51.129779 
 180 	 51.147130 
 181 	 50.817469 
 182 	 50.817469 
 183 	 51.147130 
 184 	 50.800118 
 185 	 51.077728 
 186 	 51.112429 
 187 	 51.181831 
 188 	 50.765417 
 189 	 51.077728 
 190 	 50.730716 
 191 	 50.713365 
 192 	 50.782768 
 193 	 50.990975 
 194 	 50.696015 
 195 	 50.678664 
 196 	 50.973624 
 197 	 50.990975 
 198 	 50.661313 
 199 	 51.025676 
 200 	 50.626612 
 201 	 51.008325 
 202 	 50.609262 
 203 	 50.852170 
 204 	 50.591911 
 205 	 50.609262 
 206 	 51.008325 
 207 	 50.904222 
 208 	 50.782768 
 209 	 50.557210 
 210 	 50.539859 
 211 	 50.886871 
 212 	 50.904222 
 213 	 50.522509 
 214 	 50.852170 
 215 	 50.487808 
 216 	 50.591911 
 217 	 50.470457 
 218 	 50.869521 
 219 	 50.869521 
 220 	 50.418405 
 221 	 50.435756 
 222 	 50.956273 
 223 	 50.817469 
 224 	 50.383704 
 225 	 50.661313 
 226 	 50.366353 
 227 	 50.349003 
 228 	 50.349003 
 229 	 50.748066 
 230 	 50.661313 
 231 	 50.661313 
 232 	 50.678664 
 233 	 50.609262 
 234 	 50.696015 
 235 	 50.609262 
 236 	 50.262250 
 237 	 50.279600 
 238 	 50.262250 
 239 	 50.678664 
 240 	 50.210198 
 241 	 50.210198 
 242 	 50.591911 
 243 	 50.158146 
 244 	 50.192848 
 245 	 50.192848 
 246 	 50.574560 
 247 	 50.522509 
 248 	 50.123445 
 249 	 50.106095 
 250 	 50.522509 
 251 	 50.401055 
 252 	 50.123445 
 253 	 50.088744 
 254 	 50.522509 
 255 	 50.435756 
 256 	 50.071393 
 257 	 50.019342 
 258 	 50.019342 
 259 	 50.036692 
 260 	 50.383704 
 261 	 50.349003 
 262 	 50.019342 
 263 	 49.984640 
 264 	 50.366353 
 265 	 50.279600 
 266 	 49.967290 
 267 	 50.349003 
 268 	 50.331652 
 269 	 50.244899 
 270 	 50.314302 
 271 	 49.897887 
 272 	 50.279600 
 273 	 50.175497 
 274 	 49.915238 
 275 	 49.863186 
 276 	 50.244899 
 277 	 50.244899 
 278 	 49.845836 
 279 	 49.828485 
 280 	 50.106095 
 281 	 49.811135 
 282 	 50.088744 
 283 	 50.123445 
 284 	 49.776433 
 285 	 49.759083 
 286 	 49.724382 
 287 	 50.088744 
 288 	 49.724382 
 289 	 49.689680 
 290 	 50.123445 
 291 	 50.106095 
 292 	 50.123445 
 293 	 49.654979 
 294 	 49.637629 
 295 	 50.001991 
 296 	 49.949939 
 297 	 49.967290 
 298 	 50.019342 
 299 	 49.897887 
 300 	 49.915238 
 301 	 49.585577 
 302 	 49.967290 
 303 	 49.533525 
 304 	 49.897887 
 305 	 49.516175 
 306 	 49.880537 
 307 	 49.637629 
 308 	 49.516175 
 309 	 49.464123 
 310 	 49.863186 
 311 	 49.429422 
 312 	 49.446772 
 313 	 49.863186 
 314 	 49.828485 
 315 	 49.932589 
 316 	 49.412071 
 317 	 49.377370 
 318 	 49.759083 
 319 	 49.394720 
 320 	 49.689680 
 321 	 49.360019 
 322 	 49.325318 
 323 	 49.307967 
 324 	 49.672330 
 325 	 49.620278 
 326 	 49.290617 
 327 	 49.828485 
 328 	 49.273266 
 329 	 49.255916 
 330 	 49.255916 
 331 	 49.550876 
 332 	 49.203864 
 333 	 49.654979 
 334 	 49.585577 
 335 	 49.533525 
 336 	 49.568226 
 337 	 49.169163 
 338 	 49.151812 
 339 	 49.117111 
 340 	 49.568226 
 341 	 49.550876 
 342 	 49.412071 
 343 	 49.394720 
 344 	 49.099760 
 345 	 49.065059 
 346 	 49.516175 
 347 	 49.446772 
 348 	 49.412071 
 349 	 49.013007 
 350 	 49.065059 
 351 	 49.030358 
 352 	 48.995657 
 353 	 48.978306 
 354 	 49.325318 
 355 	 49.377370 
 356 	 48.960956 
 357 	 49.360019 
 358 	 49.255916 
 359 	 48.960956 
 360 	 49.307967 
 361 	 49.307967 
 362 	 48.926255 
 363 	 49.255916 
 364 	 48.891553 
 365 	 48.891553 
 366 	 48.874203 
 367 	 48.874203 
 368 	 48.839502 
 369 	 48.856852 
 370 	 49.203864 
 371 	 48.839502 
 372 	 49.203864 
 373 	 48.787450 
 374 	 49.134462 
 375 	 49.151812 
 376 	 49.117111 
 377 	 49.151812 
 378 	 48.752749 
 379 	 48.752749 
 380 	 48.752749 
 381 	 48.700697 
 382 	 49.082410 
 383 	 48.752749 
 384 	 49.082410 
 385 	 49.030358 
 386 	 48.718047 
 387 	 49.117111 
 388 	 48.665996 
 389 	 48.665996 
 390 	 49.186513 
 391 	 48.683346 
 392 	 48.648645 
 393 	 48.891553 
 394 	 48.613944 
 395 	 49.047709 
 396 	 48.631295 
 397 	 48.926255 
 398 	 48.631295 
 399 	 48.596593 
 400 	 48.509840 
 401 	 48.908904 
 402 	 48.561892 
 403 	 48.544542 
 404 	 48.544542 
 405 	 48.509840 
 406 	 48.839502 
 407 	 48.509840 
 408 	 48.475139 
 409 	 48.891553 
 410 	 48.752749 
 411 	 48.457789 
 412 	 48.440438 
 413 	 48.839502 
 414 	 48.440438 
 415 	 48.440438 
 416 	 48.423088 
 417 	 48.787450 
 418 	 48.423088 
 419 	 48.423088 
 420 	 48.752749 
 421 	 48.405737 
 422 	 48.371036 
 423 	 48.787450 
 424 	 48.388386 
 425 	 48.336335 
 426 	 48.735398 
 427 	 48.371036 
 428 	 48.752749 
 429 	 48.284283 
 430 	 48.318984 
 431 	 48.683346 
 432 	 48.301633 
 433 	 48.318984 
 434 	 48.613944 
 435 	 48.284283 
 436 	 48.284283 
 437 	 48.665996 
 438 	 48.596593 
 439 	 48.249582 
 440 	 48.665996 
 441 	 48.665996 
 442 	 48.596593 
 443 	 48.197530 
 444 	 48.631295 
 445 	 48.197530 
 446 	 48.492490 
 447 	 48.197530 
 448 	 48.613944 
 449 	 48.232231 
 450 	 48.509840 
 451 	 48.197530 
 452 	 48.162829 
 453 	 48.162829 
 454 	 48.527191 
 455 	 48.145478 
 456 	 48.162829 
 457 	 48.544542 
 458 	 48.475139 
 459 	 48.128128 
 460 	 48.110777 
 461 	 48.527191 
 462 	 48.423088 
 463 	 48.145478 
 464 	 48.093426 
 465 	 48.423088 
 466 	 48.093426 
 467 	 48.093426 
 468 	 48.475139 
 469 	 48.093426 
 470 	 48.076076 
 471 	 48.527191 
 472 	 48.475139 
 473 	 48.076076 
 474 	 48.076076 
 475 	 48.492490 
 476 	 48.388386 
 477 	 48.058725 
 478 	 48.006673 
 479 	 48.440438 
 480 	 48.371036 
 481 	 48.058725 
 482 	 48.041375 
 483 	 48.405737 
 484 	 48.024024 
 485 	 48.006673 
 486 	 48.371036 
 487 	 48.024024 
 488 	 48.024024 
 489 	 48.024024 
 490 	 48.371036 
 491 	 48.353685 
 492 	 47.971972 
 493 	 47.989323 
 494 	 47.954622 
 495 	 47.937271 
 496 	 48.388386 
 497 	 48.301633 
 498 	 47.971972 
 499 	 48.249582 
 500 	 47.937271 
 501 	 47.954622 
 502 	 48.266932 
 503 	 48.284283 
 504 	 47.937271 
 505 	 47.937271 
 506 	 48.284283 
 507 	 48.371036 
 508 	 47.919921 
 509 	 47.919921 
 510 	 47.919921 
 511 	 48.232231 
 512 	 48.353685 
 513 	 48.232231 
 514 	 47.885219 
 515 	 47.885219 
 516 	 47.867869 
 517 	 47.885219 
 518 	 47.885219 
 519 	 48.214880 
 520 	 47.919921 
 521 	 47.885219 
 522 	 48.232231 
 523 	 47.867869 
 524 	 48.266932 
 525 	 48.162829 
 526 	 47.885219 
 527 	 48.197530 
 528 	 47.867869 
 529 	 47.885219 
 530 	 47.867869 
 531 	 48.232231 
 532 	 47.850518 
 533 	 47.885219 
 534 	 47.885219 
 535 	 47.833168 
 536 	 48.180179 
 537 	 48.232231 
 538 	 47.885219 
 539 	 47.867869 
 540 	 47.850518 
 541 	 48.266932 
 542 	 48.145478 
 543 	 47.885219 
 544 	 47.850518 
 545 	 47.867869 
 546 	 47.850518 
 547 	 48.266932 
 548 	 48.145478 
 549 	 47.867869 
 550 	 47.833168 
 551 	 47.867869 
 552 	 47.833168 
 553 	 48.232231 
 554 	 47.850518 
 555 	 48.249582 
 556 	 48.232231 
 557 	 48.284283 
 558 	 47.815817 
 559 	 48.232231 
 560 	 48.214880 
 561 	 47.867869 
 562 	 47.833168 
 563 	 47.850518 
 564 	 48.180179 
 565 	 47.867869 
 566 	 47.850518 
 567 	 47.850518 
 568 	 48.232231 
 569 	 48.162829 
 570 	 47.867869 
 571 	 47.867869 
 572 	 48.180179 
 573 	 48.284283 
 574 	 48.214880 
 575 	 47.885219 
 576 	 48.266932 
 577 	 48.423088 
 578 	 48.145478 
 579 	 48.162829 
 580 	 47.867869 
 581 	 48.353685 
 582 	 47.867869 
 583 	 47.867869 
 584 	 47.885219 
 585 	 47.850518 
 586 	 48.266932 
 587 	 48.197530 
 588 	 48.214880 
 589 	 47.902570 
 590 	 47.885219 
 591 	 47.885219 
 592 	 48.266932 
 593 	 48.093426 
 594 	 47.919921 
 595 	 48.336335 
 596 	 47.885219 
 597 	 47.867869 
 598 	 48.336335 
 599 	 48.336335 
 600 	 48.301633 
 601 	 48.145478 
 602 	 47.850518 
 603 	 48.214880 
 604 	 48.214880 
 605 	 48.284283 
 606 	 48.318984 
 607 	 48.318984 
 608 	 48.284283 
 609 	 47.919921 
 610 	 48.266932 
 611 	 48.353685 
 612 	 48.353685 
 613 	 48.318984 
 614 	 48.336335 
 615 	 47.989323 
 616 	 47.971972 
 617 	 47.954622 
 618 	 48.371036 
 619 	 47.954622 
 620 	 47.954622 
 621 	 47.954622 
 622 	 47.971972 
 623 	 48.371036 
 624 	 48.284283 
 625 	 48.371036 
 626 	 47.989323 
 627 	 48.371036 
 628 	 48.388386 
 629 	 47.989323 
 630 	 47.971972 
 631 	 48.371036 
 632 	 47.989323 
 633 	 47.919921 
 634 	 48.371036 
 635 	 48.353685 
 636 	 48.388386 
 637 	 48.024024 
 638 	 48.006673 
 639 	 48.041375 
 640 	 48.353685 
 641 	 48.041375 
 642 	 48.353685 
 643 	 48.440438 
 644 	 48.388386 
 645 	 48.405737 
 646 	 48.492490 
 647 	 48.093426 
 648 	 48.076076 
 649 	 48.353685 
 650 	 48.457789 
 651 	 48.093426 
 652 	 48.631295 
 653 	 48.475139 
 654 	 48.440438 
 655 	 48.076076 
 656 	 48.110777 
 657 	 48.110777 
 658 	 48.683346 
 659 	 48.145478 
 660 	 48.145478 
 661 	 48.509840 
 662 	 48.509840 
 663 	 48.509840 
 664 	 48.162829 
 665 	 48.561892 
 666 	 48.145478 
 667 	 48.613944 
 668 	 48.544542 
 669 	 48.423088 
 670 	 48.214880 
 671 	 48.214880 
 672 	 48.648645 
 673 	 48.197530 
 674 	 48.735398 
 675 	 48.648645 
 676 	 48.613944 
 677 	 48.596593 
 678 	 48.266932 
 679 	 48.266932 
 680 	 48.301633 
 681 	 48.284283 
 682 	 48.266932 
 683 	 48.752749 
 684 	 48.301633 
 685 	 48.665996 
 686 	 48.301633 
 687 	 48.318984 
 688 	 48.353685 
 689 	 48.353685 
 690 	 48.891553 
 691 	 48.752749 
 692 	 48.700697 
 693 	 48.718047 
 694 	 48.787450 
 695 	 48.631295 
 696 	 48.388386 
 697 	 48.440438 
 698 	 48.388386 
 699 	 48.423088 
 700 	 48.856852 
 701 	 48.908904 
 702 	 48.440438 
 703 	 48.804800 
 704 	 48.891553 
 705 	 49.013007 
 706 	 48.475139 
 707 	 48.475139 
 708 	 48.492490 
 709 	 48.492490 
 710 	 48.891553 
 711 	 48.891553 
 712 	 48.874203 
 713 	 48.561892 
 714 	 48.544542 
 715 	 49.099760 
 716 	 48.874203 
 717 	 48.926255 
 718 	 48.891553 
 719 	 48.596593 
 720 	 48.596593 
 721 	 48.613944 
 722 	 48.613944 
 723 	 48.648645 
 724 	 48.978306 
 725 	 49.013007 
 726 	 48.943605 
 727 	 48.665996 
 728 	 48.665996 
 729 	 48.665996 
 730 	 48.718047 
 731 	 48.683346 
 732 	 48.718047 
 733 	 48.752749 
 734 	 48.700697 
 735 	 49.151812 
 736 	 49.151812 
 737 	 49.117111 
 738 	 48.804800 
 739 	 48.700697 
 740 	 48.787450 
 741 	 48.804800 
 742 	 48.822151 
 743 	 48.822151 
 744 	 49.186513 
 745 	 48.839502 
 746 	 48.839502 
 747 	 49.290617 
 748 	 49.290617 
 749 	 49.238565 
 750 	 49.221215 
 751 	 48.908904 
 752 	 48.908904 
 753 	 48.926255 
 754 	 48.926255 
 755 	 48.943605 
 756 	 48.908904 
 757 	 49.360019 
 758 	 49.342669 
 759 	 49.342669 
 760 	 49.013007 
 761 	 48.995657 
 762 	 49.394720 
 763 	 49.030358 
 764 	 49.047709 
 765 	 49.030358 
 766 	 49.065059 
 767 	 49.464123 
 768 	 49.099760 
 769 	 49.099760 
 770 	 49.134462 
 771 	 49.117111 
 772 	 49.516175 
 773 	 49.151812 
 774 	 49.151812 
 775 	 49.151812 
 776 	 49.151812 
 777 	 49.620278 
 778 	 49.620278 
 779 	 49.550876 
 780 	 49.568226 
 781 	 49.550876 
 782 	 49.550876 
 783 	 49.550876 
 784 	 49.585577 
 785 	 49.568226 
 786 	 49.273266 
 787 	 49.290617 
 788 	 49.342669 
 789 	 49.377370 
 790 	 49.325318 
 791 	 49.342669 
 792 	 49.394720 
 793 	 49.394720 
 794 	 49.377370 
 795 	 49.689680 
 796 	 49.412071 
 797 	 49.446772 
 798 	 49.429422 
 799 	 49.481473 
 800 	 49.897887 
 801 	 49.464123 
 802 	 49.845836 
 803 	 49.932589 
 804 	 49.498824 
 805 	 49.516175 
 806 	 49.550876 
 807 	 49.533525 
 808 	 49.932589 
 809 	 49.897887 
 810 	 49.932589 
 811 	 49.602927 
 812 	 49.915238 
 813 	 49.654979 
 814 	 49.602927 
 815 	 49.654979 
 816 	 50.071393 
 817 	 49.672330 
 818 	 49.689680 
 819 	 49.724382 
 820 	 50.071393 
 821 	 50.088744 
 822 	 49.741732 
 823 	 49.759083 
 824 	 49.759083 
 825 	 50.210198 
 826 	 50.210198 
 827 	 50.123445 
 828 	 49.845836 
 829 	 49.828485 
 830 	 49.828485 
 831 	 49.863186 
 832 	 49.897887 
 833 	 49.932589 
 834 	 49.897887 
 835 	 50.314302 
 836 	 50.314302 
 837 	 50.296951 
 838 	 49.967290 
 839 	 49.984640 
 840 	 50.001991 
 841 	 49.967290 
 842 	 50.366353 
 843 	 50.001991 
 844 	 50.453106 
 845 	 50.036692 
 846 	 50.088744 
 847 	 50.539859 
 848 	 50.106095 
 849 	 50.140796 
 850 	 50.522509 
 851 	 50.106095 
 852 	 50.522509 
 853 	 50.505158 
 854 	 50.210198 
 855 	 50.175497 
 856 	 50.591911 
 857 	 50.557210 
 858 	 50.227549 
 859 	 50.244899 
 860 	 50.626612 
 861 	 50.609262 
 862 	 50.314302 
 863 	 50.296951 
 864 	 50.314302 
 865 	 50.661313 
 866 	 50.661313 
 867 	 50.366353 
 868 	 50.401055 
 869 	 50.765417 
 870 	 50.730716 
 871 	 50.418405 
 872 	 50.435756 
 873 	 50.852170 
 874 	 50.730716 
 875 	 50.453106 
 876 	 50.505158 
 877 	 50.817469 
 878 	 50.505158 
 879 	 50.522509 
 880 	 50.834819 
 881 	 50.539859 
 882 	 50.539859 
 883 	 50.938923 
 884 	 50.591911 
 885 	 50.591911 
 886 	 50.938923 
 887 	 50.609262 
 888 	 50.643963 
 889 	 50.643963 
 890 	 50.696015 
 891 	 50.990975 
 892 	 50.696015 
 893 	 51.285935 
 894 	 50.748066 
 895 	 50.730716 
 896 	 50.748066 
 897 	 51.147130 
 898 	 50.800118 
 899 	 51.164481 
 900 	 50.765417 
 901 	 50.817469 
 902 	 51.147130 
 903 	 51.233883 
 904 	 50.834819 
 905 	 50.869521 
 906 	 51.216532 
 907 	 50.904222 
 908 	 51.268584 
 909 	 51.268584 
 910 	 50.938923 
 911 	 51.494142 
 912 	 51.285935 
 913 	 50.973624 
 914 	 51.442090 
 915 	 51.251234 
 916 	 51.025676 
 917 	 51.285935 
 918 	 51.390038 
 919 	 51.060377 
 920 	 51.095078 
 921 	 51.442090 
 922 	 51.129779 
 923 	 51.112429 
 924 	 51.598245 
 925 	 51.459441 
 926 	 51.459441 
 927 	 51.528843 
 928 	 51.199182 
 929 	 51.528843 
 930 	 51.199182 
 931 	 51.233883 
 932 	 51.199182 
 933 	 51.251234 
 934 	 51.251234 
 935 	 51.285935 
 936 	 51.615596 
 937 	 51.285935 
 938 	 51.268584 
 939 	 51.667648 
 940 	 51.355337 
 941 	 51.355337 
 942 	 51.684998 
 943 	 51.372688 
 944 	 51.355337 
 945 	 51.737050 
 946 	 51.424739 
 947 	 51.858504 
 948 	 51.858504 
 949 	 51.459441 
 950 	 51.476791 
 951 	 51.459441 
 952 	 51.494142 
 953 	 51.875855 
 954 	 51.528843 
 955 	 52.084062 
 956 	 51.875855 
 957 	 51.563544 
 958 	 51.945257 
 959 	 51.598245 
 960 	 51.997309 
 961 	 51.945257 
 962 	 51.598245 
 963 	 52.049361 
 964 	 51.962608 
 965 	 51.650297 
 966 	 52.032010 
 967 	 51.667648 
 968 	 52.101413 
 969 	 52.049361 
 970 	 51.719700 
 971 	 51.702349 
 972 	 52.032010 
 973 	 52.084062 
 974 	 52.188166 
 975 	 51.823803 
 976 	 51.789102 
 977 	 52.205516 
 978 	 51.789102 
 979 	 52.205516 
 980 	 51.841154 
 981 	 52.292269 
 982 	 51.841154 
 983 	 51.875855 
 984 	 51.858504 
 985 	 51.893205 
 986 	 52.188166 
 987 	 51.910556 
 988 	 52.344321 
 989 	 52.361672 
 990 	 51.962608 
 991 	 51.962608 
 992 	 52.170815 
 993 	 52.032010 
 994 	 52.344321 
 995 	 52.014660 
 996 	 52.379022 
 997 	 52.032010 
 998 	 52.032010 
 999 	 52.431074 
 1000 	 52.066711 
 1001 	 52.084062 
 1002 	 52.118763 
 1003 	 52.101413 
 1004 	 52.691333 
 1005 	 52.535177 
 1006 	 52.604580 
 1007 	 52.136114 
 1008 	 52.170815 
 1009 	 52.517827 
 1010 	 52.170815 
 1011 	 52.621930 
 1012 	 52.500476 
 1013 	 52.222867 
 1014 	 52.448424 
 1015 	 52.569879 
 1016 	 52.569879 
 1017 	 52.691333 
 1018 	 52.274919 
 1019 	 52.257568 
 1020 	 52.691333 
 1021 	 52.621930 
 1022 	 52.292269 
 1023 	 52.691333 
 1024 	 52.344321 
 1025 	 52.326970 
 1026 	 52.656632 
 1027 	 52.326970 
 1028 	 52.726034 
 1029 	 52.656632 
 1030 	 52.361672 
 1031 	 52.379022 
 1032 	 52.379022 
 1033 	 52.379022 
 1034 	 52.413723 
 1035 	 52.830138 
 1036 	 52.413723 
 1037 	 52.413723 
 1038 	 52.413723 
 1039 	 52.465775 
 1040 	 52.465775 
 1041 	 52.483126 
 1042 	 52.465775 
 1043 	 52.847488 
 1044 	 52.812787 
 1045 	 52.500476 
 1046 	 52.483126 
 1047 	 52.812787 
 1048 	 52.517827 
 1049 	 52.899540 
 1050 	 52.899540 
 1051 	 52.569879 
 1052 	 52.552528 
 1053 	 52.899540 
 1054 	 52.587229 
 1055 	 52.916891 
 1056 	 52.604580 
 1057 	 52.587229 
 1058 	 53.003644 
 1059 	 52.916891 
 1060 	 52.621930 
 1061 	 53.003644 
 1062 	 52.639281 
 1063 	 52.621930 
 1064 	 52.986293 
 1065 	 52.621930 
 1066 	 53.055695 
 1067 	 53.090396 
 1068 	 52.673982 
 1069 	 52.708683 
 1070 	 52.691333 
 1071 	 53.125098 
 1072 	 53.090396 
 1073 	 52.726034 
 1074 	 52.726034 
 1075 	 53.090396 
 1076 	 52.726034 
 1077 	 53.020994 
 1078 	 53.090396 
 1079 	 52.743385 
 1080 	 52.743385 
 1081 	 52.760735 
 1082 	 52.795436 
 1083 	 52.760735 
 1084 	 53.142448 
 1085 	 52.795436 
 1086 	 52.795436 
 1087 	 52.778086 
 1088 	 52.812787 
 1089 	 52.795436 
 1090 	 53.159799 
 1091 	 53.159799 
 1092 	 52.830138 
 1093 	 52.812787 
 1094 	 53.194500 
 1095 	 52.864839 
 1096 	 52.830138 
 1097 	 53.229201 
 1098 	 53.194500 
 1099 	 52.882189 
 1100 	 52.899540 
 1101 	 52.864839 
 1102 	 53.229201 
 1103 	 52.916891 
 1104 	 52.916891 
 1105 	 52.882189 
 1106 	 53.211851 
 1107 	 52.899540 
 1108 	 53.333305 
 1109 	 53.281253 
 1110 	 52.934241 
 1111 	 52.916891 
 1112 	 52.951592 
 1113 	 52.899540 
 1114 	 52.934241 
 1115 	 52.986293 
 1116 	 52.951592 
 1117 	 52.986293 
 1118 	 52.951592 
 1119 	 52.934241 
 1120 	 52.986293 
 1121 	 52.986293 
 1122 	 52.986293 
 1123 	 53.003644 
 1124 	 53.368006 
 1125 	 52.986293 
 1126 	 52.986293 
 1127 	 53.402707 
 1128 	 53.038345 
 1129 	 52.986293 
 1130 	 53.420058 
 1131 	 53.350655 
 1132 	 53.020994 
 1133 	 53.489460 
 1134 	 53.454759 
 1135 	 53.003644 
 1136 	 53.055695 
 1137 	 53.472110 
 1138 	 53.333305 
 1139 	 53.073046 
 1140 	 53.020994 
 1141 	 53.368006 
 1142 	 53.402707 
 1143 	 53.038345 
 1144 	 53.073046 
 1145 	 53.489460 
 1146 	 53.420058 
 1147 	 53.055695 
 1148 	 53.055695 
 1149 	 53.055695 
 1150 	 53.073046 
 1151 	 53.073046 
 1152 	 53.055695 
 1153 	 53.107747 
 1154 	 53.073046 
 1155 	 53.038345 
 1156 	 53.073046 
 1157 	 53.055695 
 1158 	 53.489460 
 1159 	 53.055695 
 1160 	 53.090396 
 1161 	 53.090396 
 1162 	 53.055695 
 1163 	 53.038345 
 1164 	 53.489460 
 1165 	 53.454759 
 1166 	 53.107747 
 1167 	 53.090396 
 1168 	 53.073046 
 1169 	 53.055695 
 1170 	 53.454759 
 1171 	 53.385357 
 1172 	 53.073046 
 1173 	 53.073046 
 1174 	 53.073046 
 1175 	 53.038345 
 1176 	 53.489460 
 1177 	 53.489460 
 1178 	 53.281253 
 1179 	 53.090396 
 1180 	 53.073046 
 1181 	 53.454759 
 1182 	 53.055695 
 1183 	 53.402707 
 1184 	 53.090396 
 1185 	 53.055695 
 1186 	 53.090396 
 1187 	 53.489460 
 1188 	 53.125098 
 1189 	 53.073046 
 1190 	 53.090396 
 1191 	 53.090396 
 1192 	 53.420058 
 1193 	 53.125098 
 1194 	 53.073046 
 1195 	 53.055695 
 1196 	 53.506811 
 1197 	 53.194500 
 1198 	 53.073046 
 1199 	 53.402707 
 1200 	 53.020994 
 1201 	 53.090396 
 1202 	 53.073046 
 1203 	 53.090396 
 1204 	 53.073046 
 1205 	 53.090396 
 1206 	 53.385357 
 1207 	 53.420058 
 1208 	 53.472110 
 1209 	 53.506811 
 1210 	 53.506811 
 1211 	 53.090396 
 1212 	 53.489460 
 1213 	 53.055695 
 1214 	 53.454759 
 1215 	 53.055695 
 1216 	 53.454759 
 1217 	 53.038345 
 1218 	 53.038345 
 1219 	 53.420058 
 1220 	 53.038345 
 1221 	 53.073046 
 1222 	 53.055695 
 1223 	 53.073046 
 1224 	 53.055695 
 1225 	 53.420058 
 1226 	 53.038345 
 1227 	 53.020994 
 1228 	 53.020994 
 1229 	 53.454759 
 1230 	 53.420058 
 1231 	 53.315954 
 1232 	 53.038345 
 1233 	 53.038345 
 1234 	 53.020994 
 1235 	 53.038345 
 1236 	 53.593564 
 1237 	 53.472110 
 1238 	 53.020994 
 1239 	 52.986293 
 1240 	 53.420058 
 1241 	 53.402707 
 1242 	 52.986293 
 1243 	 53.003644 
 1244 	 53.368006 
 1245 	 53.020994 
 1246 	 52.986293 
 1247 	 52.986293 
 1248 	 53.385357 
 1249 	 52.986293 
 1250 	 52.951592 
 1251 	 52.968942 
 1252 	 53.350655 
 1253 	 53.368006 
 1254 	 52.968942 
 1255 	 52.951592 
 1256 	 53.315954 
 1257 	 53.350655 
 1258 	 52.934241 
 1259 	 53.211851 
 1260 	 52.934241 
 1261 	 52.916891 
 1262 	 52.934241 
 1263 	 52.882189 
 1264 	 53.333305 
 1265 	 52.899540 
 1266 	 52.916891 
 1267 	 52.899540 
 1268 	 52.882189 
 1269 	 53.315954 
 1270 	 53.194500 
 1271 	 53.211851 
 1272 	 52.847488 
 1273 	 52.899540 
 1274 	 52.864839 
 1275 	 52.847488 
 1276 	 52.882189 
 1277 	 53.159799 
 1278 	 52.864839 
 1279 	 52.812787 
 1280 	 52.830138 
 1281 	 53.177149 
 1282 	 52.847488 
 1283 	 53.177149 
 1284 	 53.125098 
 1285 	 53.211851 
 1286 	 53.159799 
 1287 	 53.107747 
 1288 	 53.229201 
 1289 	 53.177149 
 1290 	 53.159799 
 1291 	 52.760735 
 1292 	 53.194500 
 1293 	 52.778086 
 1294 	 53.177149 
 1295 	 53.142448 
 1296 	 52.743385 
 1297 	 52.743385 
 1298 	 53.038345 
 1299 	 52.743385 
 1300 	 53.073046 
 1301 	 53.125098 
 1302 	 52.708683 
 1303 	 53.142448 
 1304 	 52.708683 
 1305 	 52.673982 
 1306 	 53.159799 
 1307 	 53.038345 
 1308 	 52.691333 
 1309 	 52.673982 
 1310 	 52.691333 
 1311 	 52.639281 
 1312 	 52.639281 
 1313 	 52.604580 
 1314 	 52.656632 
 1315 	 53.003644 
 1316 	 52.968942 
 1317 	 52.916891 
 1318 	 52.587229 
 1319 	 52.587229 
 1320 	 53.003644 
 1321 	 52.934241 
 1322 	 52.569879 
 1323 	 52.517827 
 1324 	 52.552528 
 1325 	 52.951592 
 1326 	 52.882189 
 1327 	 52.951592 
 1328 	 52.812787 
 1329 	 52.517827 
 1330 	 52.899540 
 1331 	 52.847488 
 1332 	 52.812787 
 1333 	 52.483126 
 1334 	 52.465775 
 1335 	 52.882189 
 1336 	 52.812787 
 1337 	 52.882189 
 1338 	 52.448424 
 1339 	 52.396373 
 1340 	 52.743385 
 1341 	 52.431074 
 1342 	 52.396373 
 1343 	 52.361672 
 1344 	 52.760735 
 1345 	 52.708683 
 1346 	 52.379022 
 1347 	 52.691333 
 1348 	 52.344321 
 1349 	 52.639281 
 1350 	 52.361672 
 1351 	 52.326970 
 1352 	 52.691333 
 1353 	 52.292269 
 1354 	 52.309620 
 1355 	 52.292269 
 1356 	 52.621930 
 1357 	 52.240217 
 1358 	 52.639281 
 1359 	 52.552528 
 1360 	 52.222867 
 1361 	 52.587229 
 1362 	 52.188166 
 1363 	 52.500476 
 1364 	 52.587229 
 1365 	 52.153464 
 1366 	 52.170815 
 1367 	 52.136114 
 1368 	 52.552528 
 1369 	 52.153464 
 1370 	 52.465775 
 1371 	 52.118763 
 1372 	 52.500476 
 1373 	 52.483126 
 1374 	 52.101413 
 1375 	 52.413723 
 1376 	 52.084062 
 1377 	 52.448424 
 1378 	 52.379022 
 1379 	 52.032010 
 1380 	 51.979958 
 1381 	 51.997309 
 1382 	 51.997309 
 1383 	 52.379022 
 1384 	 51.962608 
 1385 	 51.979958 
 1386 	 51.945257 
 1387 	 51.945257 
 1388 	 51.927907 
 1389 	 51.945257 
 1390 	 52.170815 
 1391 	 51.910556 
 1392 	 52.274919 
 1393 	 52.309620 
 1394 	 52.257568 
 1395 	 51.858504 
 1396 	 52.292269 
 1397 	 52.292269 
 1398 	 51.823803 
 1399 	 51.858504 
 1400 	 51.841154 
 1401 	 51.823803 
 1402 	 52.188166 
 1403 	 51.806453 
 1404 	 52.222867 
 1405 	 51.789102 
 1406 	 51.771751 
 1407 	 51.754401 
 1408 	 52.084062 
 1409 	 51.702349 
 1410 	 51.719700 
 1411 	 51.702349 
 1412 	 51.684998 
 1413 	 51.667648 
 1414 	 51.702349 
 1415 	 51.997309 
 1416 	 51.650297 
 1417 	 51.615596 
 1418 	 52.049361 
 1419 	 51.598245 
 1420 	 51.806453 
 1421 	 51.580895 
 1422 	 51.979958 
 1423 	 51.563544 
 1424 	 51.997309 
 1425 	 51.528843 
 1426 	 51.528843 
 1427 	 51.927907 
 1428 	 51.511492 
 1429 	 51.841154 
 1430 	 51.511492 
 1431 	 52.032010 
 1432 	 51.910556 
 1433 	 51.459441 
 1434 	 51.424739 
 1435 	 51.424739 
 1436 	 51.424739 
 1437 	 51.702349 
 1438 	 51.823803 
 1439 	 51.806453 
 1440 	 51.737050 
 1441 	 51.355337 
 1442 	 51.320636 
 1443 	 51.337987 
 1444 	 51.667648 
 1445 	 51.337987 
 1446 	 51.285935 
 1447 	 51.268584 
 1448 	 51.268584 
 1449 	 51.632947 
 1450 	 51.216532 
 1451 	 51.667648 
 1452 	 51.598245 
 1453 	 51.199182 
 1454 	 51.181831 
 1455 	 51.181831 
 1456 	 51.147130 
 1457 	 51.528843 
 1458 	 51.112429 
 1459 	 51.459441 
 1460 	 51.112429 
 1461 	 51.546194 
 1462 	 51.424739 
 1463 	 51.025676 
 1464 	 51.095078 
 1465 	 51.043026 
 1466 	 51.043026 
 1467 	 50.990975 
 1468 	 51.424739 
 1469 	 51.268584 
 1470 	 50.990975 
 1471 	 50.956273 
 1472 	 50.956273 
 1473 	 50.956273 
 1474 	 50.921572 
 1475 	 51.494142 
 1476 	 51.268584 
 1477 	 51.233883 
 1478 	 50.886871 
 1479 	 51.199182 
 1480 	 51.147130 
 1481 	 51.164481 
 1482 	 50.852170 
 1483 	 50.834819 
 1484 	 50.817469 
 1485 	 50.800118 
 1486 	 51.199182 
 1487 	 50.765417 
 1488 	 51.199182 
 1489 	 51.164481 
 1490 	 51.112429 
 1491 	 51.095078 
 1492 	 51.025676 
 1493 	 50.748066 
 1494 	 50.730716 
 1495 	 50.713365 
 1496 	 50.678664 
 1497 	 51.008325 
 1498 	 50.696015 
 1499 	 50.990975 
 1500 	 50.609262 
 1501 	 50.973624 
 1502 	 51.025676 
 1503 	 50.591911 
 1504 	 51.025676 
 1505 	 50.956273 
 1506 	 50.956273 
 1507 	 50.886871 
 1508 	 50.904222 
 1509 	 50.817469 
 1510 	 50.869521 
 1511 	 50.487808 
 1512 	 50.505158 
 1513 	 50.487808 
 1514 	 50.800118 
 1515 	 50.418405 
 1516 	 50.748066 
 1517 	 50.418405 
 1518 	 50.817469 
 1519 	 50.401055 
 1520 	 50.401055 
 1521 	 50.349003 
 1522 	 50.349003 
 1523 	 50.696015 
 1524 	 50.296951 
 1525 	 50.296951 
 1526 	 50.296951 
 1527 	 50.296951 
 1528 	 50.279600 
 1529 	 50.262250 
 1530 	 50.227549 
 1531 	 50.244899 
 1532 	 50.244899 
 1533 	 50.192848 
 1534 	 50.175497 
 1535 	 50.192848 
 1536 	 50.175497 
 1537 	 50.158146 
 1538 	 50.539859 
 1539 	 50.574560 
 1540 	 50.487808 
 1541 	 50.366353 
 1542 	 50.123445 
 1543 	 50.088744 
 1544 	 50.071393 
 1545 	 50.071393 
 1546 	 50.019342 
 1547 	 50.036692 
 1548 	 50.054043 
 1549 	 50.036692 
 1550 	 50.001991 
 1551 	 50.418405 
 1552 	 50.435756 
 1553 	 50.401055 
 1554 	 49.949939 
 1555 	 50.349003 
 1556 	 49.932589 
 1557 	 50.227549 
 1558 	 50.262250 
 1559 	 49.915238 
 1560 	 49.915238 
 1561 	 49.863186 
 1562 	 50.279600 
 1563 	 50.314302 
 1564 	 50.192848 
 1565 	 50.296951 
 1566 	 49.845836 
 1567 	 50.262250 
 1568 	 49.793784 
 1569 	 50.227549 
 1570 	 49.759083 
 1571 	 50.175497 
 1572 	 50.106095 
 1573 	 49.967290 
 1574 	 50.106095 
 1575 	 49.741732 
 1576 	 50.036692 
 1577 	 50.054043 
 1578 	 50.088744 
 1579 	 50.019342 
 1580 	 49.724382 
 1581 	 50.019342 
 1582 	 49.654979 
 1583 	 49.672330 
 1584 	 50.054043 
 1585 	 50.071393 
 1586 	 49.932589 
 1587 	 49.620278 
 1588 	 49.620278 
 1589 	 49.602927 
 1590 	 50.019342 
 1591 	 49.967290 
 1592 	 49.967290 
 1593 	 49.897887 
 1594 	 49.863186 
 1595 	 49.533525 
 1596 	 49.568226 
 1597 	 49.949939 
 1598 	 49.897887 
 1599 	 49.533525 
 1600 	 49.880537 
 1601 	 49.863186 
 1602 	 49.915238 
 1603 	 49.464123 
 1604 	 49.446772 
 1605 	 49.845836 
 1606 	 49.811135 
 1607 	 49.412071 
 1608 	 49.412071 
 1609 	 49.863186 
 1610 	 49.759083 
 1611 	 49.689680 
 1612 	 49.377370 
 1613 	 49.377370 
 1614 	 49.342669 
 1615 	 49.776433 
 1616 	 49.342669 
 1617 	 49.654979 
 1618 	 49.307967 
 1619 	 49.307967 
 1620 	 49.290617 
 1621 	 49.689680 
 1622 	 49.221215 
 1623 	 49.672330 
 1624 	 49.620278 
 1625 	 49.585577 
 1626 	 49.273266 
 1627 	 49.255916 
 1628 	 49.238565 
 1629 	 49.637629 
 1630 	 49.255916 
 1631 	 49.203864 
 1632 	 49.186513 
 1633 	 49.203864 
 1634 	 49.516175 
 1635 	 49.620278 
 1636 	 49.516175 
 1637 	 49.169163 
 1638 	 49.498824 
 1639 	 49.446772 
 1640 	 49.117111 
 1641 	 49.117111 
 1642 	 49.533525 
 1643 	 49.082410 
 1644 	 49.464123 
 1645 	 49.134462 
 1646 	 49.134462 
 1647 	 49.117111 
 1648 	 49.533525 
 1649 	 49.481473 
 1650 	 49.394720 
 1651 	 49.065059 
 1652 	 49.394720 
 1653 	 49.464123 
 1654 	 49.030358 
 1655 	 49.377370 
 1656 	 49.013007 
 1657 	 49.464123 
 1658 	 49.377370 
 1659 	 49.377370 
 1660 	 49.360019 
 1661 	 49.013007 
 1662 	 49.013007 
 1663 	 48.995657 
 1664 	 48.978306 
 1665 	 48.960956 
 1666 	 48.995657 
 1667 	 48.978306 
 1668 	 48.978306 
 1669 	 48.960956 
 1670 	 48.943605 
 1671 	 48.926255 
 1672 	 48.960956 
 1673 	 49.342669 
 1674 	 49.186513 
 1675 	 48.926255 
 1676 	 48.908904 
 1677 	 48.891553 
 1678 	 49.290617 
 1679 	 49.255916 
 1680 	 48.891553 
 1681 	 48.874203 
 1682 	 49.290617 
 1683 	 49.273266 
 1684 	 48.874203 
 1685 	 49.203864 
 1686 	 48.856852 
 1687 	 48.822151 
 1688 	 48.822151 
 1689 	 49.221215 
 1690 	 49.082410 
 1691 	 48.822151 
 1692 	 48.787450 
 1693 	 48.804800 
 1694 	 48.787450 
 1695 	 49.117111 
 1696 	 48.787450 
 1697 	 48.770099 
 1698 	 48.770099 
 1699 	 48.752749 
 1700 	 48.787450 
 1701 	 49.169163 
 1702 	 49.169163 
 1703 	 48.752749 
 1704 	 49.082410 
 1705 	 49.047709 
 1706 	 48.718047 
 1707 	 49.151812 
 1708 	 49.151812 
 1709 	 48.752749 
 1710 	 48.718047 
 1711 	 48.718047 
 1712 	 49.117111 
 1713 	 49.134462 
 1714 	 48.735398 
 1715 	 48.718047 
 1716 	 48.718047 
 1717 	 49.082410 
 1718 	 48.978306 
 1719 	 49.013007 
 1720 	 49.134462 
 1721 	 48.683346 
 1722 	 48.700697 
 1723 	 49.065059 
 1724 	 49.065059 
 1725 	 48.700697 
 1726 	 48.718047 
 1727 	 48.683346 
 1728 	 48.718047 
 1729 	 49.099760 
 1730 	 48.665996 
 1731 	 48.648645 
 1732 	 48.700697 
 1733 	 48.665996 
 1734 	 48.648645 
 1735 	 48.648645 
 1736 	 49.030358 
 1737 	 48.874203 
 1738 	 49.047709 
 1739 	 48.631295 
 1740 	 48.908904 
 1741 	 48.648645 
 1742 	 48.631295 
 1743 	 48.960956 
 1744 	 48.665996 
 1745 	 48.665996 
 1746 	 49.013007 
 1747 	 48.631295 
 1748 	 49.047709 
 1749 	 49.047709 
 1750 	 48.648645 
 1751 	 48.631295 
 1752 	 48.978306 
 1753 	 48.648645 
 1754 	 48.631295 
 1755 	 48.995657 
 1756 	 48.631295 
 1757 	 49.013007 
 1758 	 48.613944 
 1759 	 48.613944 
 1760 	 48.926255 
 1761 	 48.978306 
 1762 	 49.013007 
 1763 	 48.596593 
 1764 	 49.030358 
 1765 	 49.065059 
 1766 	 48.943605 
 1767 	 49.013007 
 1768 	 48.613944 
 1769 	 48.648645 
 1770 	 48.579243 
 1771 	 48.995657 
 1772 	 48.978306 
 1773 	 48.943605 
 1774 	 48.631295 
 1775 	 48.631295 
 1776 	 48.613944 
 1777 	 48.613944 
 1778 	 48.752749 
 1779 	 49.047709 
 1780 	 48.631295 
 1781 	 48.631295 
 1782 	 48.613944 
 1783 	 48.631295 
 1784 	 49.047709 
 1785 	 48.631295 
 1786 	 48.874203 
 1787 	 48.960956 
 1788 	 48.631295 
 1789 	 48.631295 
 1790 	 48.613944 
 1791 	 48.995657 
 1792 	 48.665996 
 1793 	 48.995657 
 1794 	 49.065059 
 1795 	 48.648645 
 1796 	 48.631295 
 1797 	 48.960956 
 1798 	 48.631295 
 1799 	 48.665996 
 1800 	 49.030358 
 1801 	 48.648645 
 1802 	 48.648645 
 1803 	 48.631295 
 1804 	 48.683346 
 1805 	 49.047709 
 1806 	 48.665996 
 1807 	 48.648645 
 1808 	 49.065059 
 1809 	 48.665996 
 1810 	 48.665996 
 1811 	 48.960956 
 1812 	 49.117111 
 1813 	 48.683346 
 1814 	 49.099760 
 1815 	 49.082410 
 1816 	 49.117111 
 1817 	 49.030358 
 1818 	 48.683346 
 1819 	 48.700697 
 1820 	 48.683346 
 1821 	 48.683346 
 1822 	 48.700697 
 1823 	 48.700697 
 1824 	 49.099760 
 1825 	 48.718047 
 1826 	 49.099760 
 1827 	 48.718047 
 1828 	 49.099760 
 1829 	 49.134462 
 1830 	 49.030358 
 1831 	 49.099760 
 1832 	 49.117111 
 1833 	 48.718047 
 1834 	 48.735398 
 1835 	 48.752749 
 1836 	 49.186513 
 1837 	 48.752749 
 1838 	 48.770099 
 1839 	 48.752749 
 1840 	 48.752749 
 1841 	 49.134462 
 1842 	 48.995657 
 1843 	 49.117111 
 1844 	 49.099760 
 1845 	 49.238565 
 1846 	 48.700697 
 1847 	 49.169163 
 1848 	 49.221215 
 1849 	 48.787450 
 1850 	 49.238565 
 1851 	 48.787450 
 1852 	 48.804800 
 1853 	 49.151812 
 1854 	 48.804800 
 1855 	 49.134462 
 1856 	 48.839502 
 1857 	 48.874203 
 1858 	 48.839502 
 1859 	 49.255916 
 1860 	 48.856852 
 1861 	 48.839502 
 1862 	 48.874203 
 1863 	 49.273266 
 1864 	 49.412071 
 1865 	 48.874203 
 1866 	 48.908904 
 1867 	 49.325318 
 1868 	 49.273266 
 1869 	 49.203864 
 1870 	 48.926255 
 1871 	 49.221215 
 1872 	 49.325318 
 1873 	 49.325318 
 1874 	 48.960956 
 1875 	 49.342669 
 1876 	 49.273266 
 1877 	 49.325318 
 1878 	 48.995657 
 1879 	 49.325318 
 1880 	 49.013007 
 1881 	 48.978306 
 1882 	 48.995657 
 1883 	 49.325318 
 1884 	 49.325318 
 1885 	 48.995657 
 1886 	 49.030358 
 1887 	 49.412071 
 1888 	 49.394720 
 1889 	 49.030358 
 1890 	 49.429422 
 1891 	 49.030358 
 1892 	 49.429422 
 1893 	 49.446772 
 1894 	 49.412071 
 1895 	 49.481473 
 1896 	 49.498824 
 1897 	 49.550876 
 1898 	 49.117111 
 1899 	 49.134462 
 1900 	 49.099760 
 1901 	 49.481473 
 1902 	 49.429422 
 1903 	 49.550876 
 1904 	 49.169163 
 1905 	 49.446772 
 1906 	 49.186513 
 1907 	 49.151812 
 1908 	 49.134462 
 1909 	 49.550876 
 1910 	 49.464123 
 1911 	 49.186513 
 1912 	 49.203864 
 1913 	 49.533525 
 1914 	 49.620278 
 1915 	 49.811135 
 1916 	 49.585577 
 1917 	 49.255916 
 1918 	 49.255916 
 1919 	 49.273266 
 1920 	 49.602927 
 1921 	 49.307967 
 1922 	 49.325318 
 1923 	 49.307967 
 1924 	 49.689680 
 1925 	 49.325318 
 1926 	 49.342669 
 1927 	 49.342669 
 1928 	 49.689680 
 1929 	 49.377370 
 1930 	 49.377370 
 1931 	 49.759083 
 1932 	 49.828485 
 1933 	 49.394720 
 1934 	 49.776433 
 1935 	 49.741732 
 1936 	 49.446772 
 1937 	 49.880537 
 1938 	 49.481473 
 1939 	 49.464123 
 1940 	 49.863186 
 1941 	 49.880537 
 1942 	 49.481473 
 1943 	 49.429422 
 1944 	 49.845836 
 1945 	 49.880537 
 1946 	 49.516175 
 1947 	 49.533525 
 1948 	 49.880537 
 1949 	 49.550876 
 1950 	 49.585577 
 1951 	 49.568226 
 1952 	 50.019342 
 1953 	 50.036692 
 1954 	 49.585577 
 1955 	 49.585577 
 1956 	 49.967290 
 1957 	 50.001991 
 1958 	 49.620278 
 1959 	 49.637629 
 1960 	 50.019342 
 1961 	 49.915238 
 1962 	 49.689680 
 1963 	 49.707031 
 1964 	 49.724382 
 1965 	 49.654979 
 1966 	 49.724382 
 1967 	 49.741732 
 1968 	 49.776433 
 1969 	 49.724382 
 1970 	 49.724382 
 1971 	 50.106095 
 1972 	 49.793784 
 1973 	 49.793784 
 1974 	 50.210198 
 1975 	 50.210198 
 1976 	 49.828485 
 1977 	 49.845836 
 1978 	 49.863186 
 1979 	 49.863186 
 1980 	 50.244899 
 1981 	 50.210198 
 1982 	 49.880537 
 1983 	 49.915238 
 1984 	 50.314302 
 1985 	 49.915238 
 1986 	 49.967290 
 1987 	 50.349003 
 1988 	 50.383704 
 1989 	 50.001991 
 1990 	 50.349003 
 1991 	 50.036692 
 1992 	 50.418405 
 1993 	 50.453106 
 1994 	 50.036692 
 1995 	 50.071393 
 1996 	 50.071393 
 1997 	 50.453106 
 1998 	 50.123445 
 1999 	 50.123445 
 2000 	 50.505158 
 2001 	 50.453106 
 2002 	 50.158146 
 2003 	 50.192848 
 2004 	 50.591911 
 2005 	 50.505158 
 2006 	 50.175497 
 2007 	 50.210198 
 2008 	 50.210198 
 2009 	 50.643963 
 2010 	 50.279600 
 2011 	 50.262250 
 2012 	 50.262250 
 2013 	 50.279600 
 2014 	 50.296951 
 2015 	 50.643963 
 2016 	 50.713365 
 2017 	 50.713365 
 2018 	 50.314302 
 2019 	 50.349003 
 2020 	 50.366353 
 2021 	 50.713365 
 2022 	 50.383704 
 2023 	 50.401055 
 2024 	 50.435756 
 2025 	 50.435756 
 2026 	 50.869521 
 2027 	 50.470457 
 2028 	 50.834819 
 2029 	 50.834819 
 2030 	 50.800118 
 2031 	 50.522509 
 2032 	 50.505158 
 2033 	 50.522509 
 2034 	 50.557210 
 2035 	 50.574560 
 2036 	 50.852170 
 2037 	 50.609262 
 2038 	 50.904222 
 2039 	 50.626612 
 2040 	 51.043026 
 2041 	 50.643963 
 2042 	 51.060377 
 2043 	 51.077728 
 2044 	 50.696015 
 2045 	 51.199182 
 2046 	 51.025676 
 2047 	 51.095078 
 2048 	 51.112429 
 2049 	 50.765417 
 2050 	 50.782768 
 2051 	 51.216532 
 2052 	 50.782768 
 2053 	 50.834819 
 2054 	 51.268584 
 2055 	 50.834819 
 2056 	 50.869521 
 2057 	 50.869521 
 2058 	 50.886871 
 2059 	 50.904222 
 2060 	 51.337987 
 2061 	 51.320636 
 2062 	 50.956273 
 2063 	 50.973624 
 2064 	 50.956273 
 2065 	 51.337987 
 2066 	 50.990975 
 2067 	 51.008325 
 2068 	 51.355337 
 2069 	 51.008325 
 2070 	 51.390038 
 2071 	 51.060377 
 2072 	 51.667648 
 2073 	 51.476791 
 2074 	 51.129779 
 2075 	 51.129779 
 2076 	 51.528843 
 2077 	 51.528843 
 2078 	 51.181831 
 2079 	 51.164481 
 2080 	 51.528843 
 2081 	 51.511492 
 2082 	 51.216532 
 2083 	 51.528843 
 2084 	 51.650297 
 2085 	 51.580895 
 2086 	 51.268584 
 2087 	 51.285935 
 2088 	 51.702349 
 2089 	 51.719700 
 2090 	 51.320636 
 2091 	 51.320636 
 2092 	 51.789102 
 2093 	 51.771751 
 2094 	 51.390038 
 2095 	 51.684998 
 2096 	 51.424739 
 2097 	 51.407389 
 2098 	 51.459441 
 2099 	 51.476791 
 2100 	 51.407389 
 2101 	 51.823803 
 2102 	 51.511492 
 2103 	 51.511492 
 2104 	 51.927907 
 2105 	 51.962608 
 2106 	 51.962608 
 2107 	 51.893205 
 2108 	 51.528843 
 2109 	 51.962608 
 2110 	 51.615596 
 2111 	 51.650297 
 2112 	 51.997309 
 2113 	 51.650297 
 2114 	 51.667648 
 2115 	 51.702349 
 2116 	 51.702349 
 2117 	 51.702349 
 2118 	 52.049361 
 2119 	 52.049361 
 2120 	 51.771751 
 2121 	 51.771751 
 2122 	 51.771751 
 2123 	 51.754401 
 2124 	 51.771751 
 2125 	 52.205516 
 2126 	 52.136114 
 2127 	 52.153464 
 2128 	 51.875855 
 2129 	 51.841154 
 2130 	 51.910556 
 2131 	 51.875855 
 2132 	 51.893205 
 2133 	 52.309620 
 2134 	 52.222867 
 2135 	 52.257568 
 2136 	 51.962608 
 2137 	 51.979958 
 2138 	 52.361672 
 2139 	 51.979958 
 2140 	 52.361672 
 2141 	 52.274919 
 2142 	 52.032010 
 2143 	 52.049361 
 2144 	 52.032010 
 2145 	 52.066711 
 2146 	 52.483126 
 2147 	 52.084062 
 2148 	 52.465775 
 2149 	 52.500476 
 2150 	 52.465775 
 2151 	 52.483126 
 2152 	 52.483126 
 2153 	 52.483126 
 2154 	 52.170815 
 2155 	 52.205516 
 2156 	 52.222867 
 2157 	 52.222867 
 2158 	 52.639281 
 2159 	 52.639281 
 2160 	 52.639281 
 2161 	 52.274919 
 2162 	 52.292269 
 2163 	 52.292269 
 2164 	 52.726034 
 2165 	 52.326970 
 2166 	 52.639281 
 2167 	 52.708683 
 2168 	 52.361672 
 2169 	 52.396373 
 2170 	 52.708683 
 2171 	 52.413723 
 2172 	 52.847488 
 2173 	 52.864839 
 2174 	 52.847488 
 2175 	 52.448424 
 2176 	 52.760735 
 2177 	 52.500476 
 2178 	 52.500476 
 2179 	 52.552528 
 2180 	 52.517827 
 2181 	 52.535177 
 2182 	 52.552528 
 2183 	 52.934241 
 2184 	 52.882189 
 2185 	 52.864839 
 2186 	 52.604580 
 2187 	 52.604580 
 2188 	 53.003644 
 2189 	 53.003644 
 2190 	 52.656632 
 2191 	 53.003644 
 2192 	 53.003644 
 2193 	 52.986293 
 2194 	 53.020994 
 2195 	 53.003644 
 2196 	 53.038345 
 2197 	 53.055695 
 2198 	 53.055695 
 2199 	 53.142448 
 2200 	 53.090396 
 2201 	 52.760735 
 2202 	 53.350655 
 2203 	 52.778086 
 2204 	 52.760735 
 2205 	 52.812787 
 2206 	 52.795436 
 2207 	 52.847488 
 2208 	 53.229201 
 2209 	 53.211851 
 2210 	 53.211851 
 2211 	 52.864839 
 2212 	 53.177149 
 2213 	 52.864839 
 2214 	 53.263902 
 2215 	 53.315954 
 2216 	 53.315954 
 2217 	 53.350655 
 2218 	 53.315954 
 2219 	 53.333305 
 2220 	 53.333305 
 2221 	 52.934241 
 2222 	 53.333305 
 2223 	 53.003644 
 2224 	 53.368006 
 2225 	 53.402707 
 2226 	 53.003644 
 2227 	 53.055695 
 2228 	 53.003644 
 2229 	 53.090396 
 2230 	 53.489460 
 2231 	 53.420058 
 2232 	 53.506811 
 2233 	 53.489460 
 2234 	 53.680317 
 2235 	 53.524161 
 2236 	 53.576213 
 2237 	 53.142448 
 2238 	 53.142448 
 2239 	 53.159799 
 2240 	 53.177149 
 2241 	 53.159799 
 2242 	 53.142448 
 2243 	 53.194500 
 2244 	 53.211851 
 2245 	 53.211851 
 2246 	 53.229201 
 2247 	 53.576213 
 2248 	 53.541512 
 2249 	 53.229201 
 2250 	 53.263902 
 2251 	 53.715018 
 2252 	 53.229201 
 2253 	 53.281253 
 2254 	 53.263902 
 2255 	 53.298604 
 2256 	 53.263902 
 2257 	 53.298604 
 2258 	 53.315954 
 2259 	 53.662966 
 2260 	 53.333305 
 2261 	 53.333305 
 2262 	 53.315954 
 2263 	 53.715018 
 2264 	 53.350655 
 2265 	 53.715018 
 2266 	 53.333305 
 2267 	 53.368006 
 2268 	 53.385357 
 2269 	 53.749719 
 2270 	 53.402707 
 2271 	 53.819122 
 2272 	 53.385357 
 2273 	 53.888524 
 2274 	 53.836472 
 2275 	 53.836472 
 2276 	 53.472110 
 2277 	 53.472110 
 2278 	 53.454759 
 2279 	 53.819122 
 2280 	 53.472110 
 2281 	 53.472110 
 2282 	 53.506811 
 2283 	 53.506811 
 2284 	 53.524161 
 2285 	 53.905875 
 2286 	 53.506811 
 2287 	 53.541512 
 2288 	 53.749719 
 2289 	 53.524161 
 2290 	 53.558863 
 2291 	 53.541512 
 2292 	 53.558863 
 2293 	 53.923225 
 2294 	 53.576213 
 2295 	 53.576213 
 2296 	 53.558863 
 2297 	 53.593564 
 2298 	 53.593564 
 2299 	 53.610914 
 2300 	 53.610914 
 2301 	 53.992628 
 2302 	 53.610914 
 2303 	 53.628265 
 2304 	 53.645616 
 2305 	 53.645616 
 2306 	 54.009978 
 2307 	 53.662966 
 2308 	 53.905875 
 2309 	 53.645616 
 2310 	 54.009978 
 2311 	 54.009978 
 2312 	 54.027329 
 2313 	 53.975277 
 2314 	 53.680317 
 2315 	 54.079381 
 2316 	 53.697667 
 2317 	 53.697667 
 2318 	 53.680317 
 2319 	 54.096731 
 2320 	 53.715018 
 2321 	 53.975277 
 2322 	 53.715018 
 2323 	 53.680317 
 2324 	 54.027329 
 2325 	 54.044679 
 2326 	 54.009978 
 2327 	 54.027329 
 2328 	 53.732369 
 2329 	 53.732369 
 2330 	 54.079381 
 2331 	 54.148783 
 2332 	 54.148783 
 2333 	 54.148783 
 2334 	 54.200835 
 2335 	 53.749719 
 2336 	 54.148783 
 2337 	 53.749719 
 2338 	 54.148783 
 2339 	 53.749719 
 2340 	 54.166133 
 2341 	 53.767070 
 2342 	 54.200835 
 2343 	 53.784420 
 2344 	 54.183484 
 2345 	 54.235536 
 2346 	 54.235536 
 2347 	 53.784420 
 2348 	 54.218185 
 2349 	 53.784420 
 2350 	 53.801771 
 2351 	 53.801771 
 2352 	 53.905875 
 2353 	 54.166133 
 2354 	 54.218185 
 2355 	 53.836472 
 2356 	 53.819122 
 2357 	 53.801771 
 2358 	 54.235536 
 2359 	 53.819122 
 2360 	 53.801771 
 2361 	 53.819122 
 2362 	 54.200835 
 2363 	 54.183484 
 2364 	 53.871173 
 2365 	 54.166133 
 2366 	 53.853823 
 2367 	 53.853823 
 2368 	 53.853823 
 2369 	 53.836472 
 2370 	 53.871173 
 2371 	 53.871173 
 2372 	 53.853823 
 2373 	 54.183484 
 2374 	 54.218185 
 2375 	 53.853823 
 2376 	 53.836472 
 2377 	 54.183484 
 2378 	 53.853823 
 2379 	 54.166133 
 2380 	 54.148783 
 2381 	 54.200835 
 2382 	 54.148783 
 2383 	 53.819122 
 2384 	 54.235536 
 2385 	 53.836472 
 2386 	 53.836472 
 2387 	 54.114082 
 2388 	 53.819122 
 2389 	 53.836472 
 2390 	 53.853823 
 2391 	 54.079381 
 2392 	 54.252886 
 2393 	 53.819122 
 2394 	 53.819122 
 2395 	 53.819122 
 2396 	 54.270237 
 2397 	 53.836472 
 2398 	 53.853823 
 2399 	 54.166133 
 2400 	 53.836472 
 2401 	 53.819122 
 2402 	 54.131432 
 2403 	 53.853823 
 2404 	 53.836472 
 2405 	 53.819122 
 2406 	 53.836472 
 2407 	 53.853823 
 2408 	 53.801771 
 2409 	 54.131432 
 2410 	 54.166133 
 2411 	 53.801771 
 2412 	 54.148783 
 2413 	 53.784420 
 2414 	 53.819122 
 2415 	 53.819122 
 2416 	 54.252886 
 2417 	 53.819122 
 2418 	 54.131432 
 2419 	 54.235536 
 2420 	 54.218185 
 2421 	 54.200835 
 2422 	 54.183484 
 2423 	 54.183484 
 2424 	 53.836472 
 2425 	 54.166133 
 2426 	 53.801771 
 2427 	 54.096731 
 2428 	 53.784420 
 2429 	 53.801771 
 2430 	 53.784420 
 2431 	 54.183484 
 2432 	 54.218185 
 2433 	 54.166133 
 2434 	 54.062030 
 2435 	 54.079381 
 2436 	 53.784420 
 2437 	 54.096731 
 2438 	 53.784420 
 2439 	 53.732369 
 2440 	 54.079381 
 2441 	 54.079381 
 2442 	 53.767070 
 2443 	 54.062030 
 2444 	 53.749719 
 2445 	 54.009978 
 2446 	 53.992628 
 2447 	 53.732369 
 2448 	 53.767070 
 2449 	 53.732369 
 2450 	 54.148783 
 2451 	 54.079381 
 2452 	 53.697667 
 2453 	 53.680317 
 2454 	 53.697667 
 2455 	 53.697667 
 2456 	 53.715018 
 2457 	 53.680317 
 2458 	 53.697667 
 2459 	 53.992628 
 2460 	 54.027329 
 2461 	 53.992628 
 2462 	 53.697667 
 2463 	 53.680317 
 2464 	 53.680317 
 2465 	 54.114082 
 2466 	 54.027329 
 2467 	 54.062030 
 2468 	 54.044679 
 2469 	 54.044679 
 2470 	 53.645616 
 2471 	 53.645616 
 2472 	 53.662966 
 2473 	 54.044679 
 2474 	 53.662966 
 2475 	 53.992628 
 2476 	 53.628265 
 2477 	 53.645616 
 2478 	 53.628265 
 2479 	 53.628265 
 2480 	 53.628265 
 2481 	 53.610914 
 2482 	 54.009978 
 2483 	 53.576213 
 2484 	 53.593564 
 2485 	 53.558863 
 2486 	 53.593564 
 2487 	 53.610914 
 2488 	 53.576213 
 2489 	 53.558863 
 2490 	 53.558863 
 2491 	 53.541512 
 2492 	 53.541512 
 2493 	 53.541512 
 2494 	 53.940576 
 2495 	 53.541512 
 2496 	 53.524161 
 2497 	 53.506811 
 2498 	 53.489460 
 2499 	 53.506811 
 2500 	 53.489460 
 2501 	 53.506811 
 2502 	 53.888524 
 2503 	 53.454759 
 2504 	 53.905875 
 2505 	 53.437408 
 2506 	 53.472110 
 2507 	 53.420058 
 2508 	 53.853823 
 2509 	 53.437408 
 2510 	 53.420058 
 2511 	 53.836472 
 2512 	 53.819122 
 2513 	 53.350655 
 2514 	 53.801771 
 2515 	 53.385357 
 2516 	 53.784420 
 2517 	 53.368006 
 2518 	 53.697667 
 2519 	 53.333305 
 2520 	 53.697667 
 2521 	 53.732369 
 2522 	 53.680317 
 2523 	 53.732369 
 2524 	 53.697667 
 2525 	 53.298604 
 2526 	 53.298604 
 2527 	 53.263902 
 2528 	 53.680317 
 2529 	 53.697667 
 2530 	 53.246552 
 2531 	 53.662966 
 2532 	 53.749719 
 2533 	 53.211851 
 2534 	 53.194500 
 2535 	 53.541512 
 2536 	 53.194500 
 2537 	 53.211851 
 2538 	 53.628265 
 2539 	 53.159799 
 2540 	 53.576213 
 2541 	 53.159799 
 2542 	 53.159799 
 2543 	 53.125098 
 2544 	 53.125098 
 2545 	 53.142448 
 2546 	 53.142448 
 2547 	 53.420058 
 2548 	 53.107747 
 2549 	 53.107747 
 2550 	 53.107747 
 2551 	 53.090396 
 2552 	 53.107747 
 2553 	 53.402707 
 2554 	 53.402707 
 2555 	 53.055695 
 2556 	 53.055695 
 2557 	 53.385357 
 2558 	 53.003644 
 2559 	 53.038345 
 2560 	 53.333305 
 2561 	 53.420058 
 2562 	 53.350655 
 2563 	 52.951592 
 2564 	 52.916891 
 2565 	 52.934241 
 2566 	 52.951592 
 2567 	 53.281253 
 2568 	 53.246552 
 2569 	 53.229201 
 2570 	 52.864839 
 2571 	 52.899540 
 2572 	 53.281253 
 2573 	 52.864839 
 2574 	 52.864839 
 2575 	 53.263902 
 2576 	 53.246552 
 2577 	 52.795436 
 2578 	 52.795436 
 2579 	 52.795436 
 2580 	 53.142448 
 2581 	 53.159799 
 2582 	 53.177149 
 2583 	 53.315954 
 2584 	 52.726034 
 2585 	 53.315954 
 2586 	 53.263902 
 2587 	 52.708683 
 2588 	 52.691333 
 2589 	 53.055695 
 2590 	 53.038345 
 2591 	 52.673982 
 2592 	 52.673982 
 2593 	 52.951592 
 2594 	 52.639281 
 2595 	 52.587229 
 2596 	 52.604580 
 2597 	 52.916891 
 2598 	 52.587229 
 2599 	 52.587229 
 2600 	 52.569879 
 2601 	 52.899540 
 2602 	 52.569879 
 2603 	 52.882189 
 2604 	 52.882189 
 2605 	 52.517827 
 2606 	 52.847488 
 2607 	 52.899540 
 2608 	 52.483126 
 2609 	 52.882189 
 2610 	 52.760735 
 2611 	 52.483126 
 2612 	 52.448424 
 2613 	 52.760735 
 2614 	 52.431074 
 2615 	 52.413723 
 2616 	 52.379022 
 2617 	 52.673982 
 2618 	 52.778086 
 2619 	 52.361672 
 2620 	 52.795436 
 2621 	 52.743385 
 2622 	 52.639281 
 2623 	 52.361672 
 2624 	 52.639281 
 2625 	 52.656632 
 2626 	 52.292269 
 2627 	 52.587229 
 2628 	 52.222867 
 2629 	 52.240217 
 2630 	 52.587229 
 2631 	 52.188166 
 2632 	 52.205516 
 2633 	 52.188166 
 2634 	 52.621930 
 2635 	 52.153464 
 2636 	 52.153464 
 2637 	 52.153464 
 2638 	 52.535177 
 2639 	 52.552528 
 2640 	 52.517827 
 2641 	 52.431074 
 2642 	 52.084062 
 2643 	 52.448424 
 2644 	 52.049361 
 2645 	 52.049361 
 2646 	 52.448424 
 2647 	 52.448424 
 2648 	 52.326970 
 2649 	 52.413723 
 2650 	 51.962608 
 2651 	 51.979958 
 2652 	 52.326970 
 2653 	 52.292269 
 2654 	 52.379022 
 2655 	 51.910556 
 2656 	 52.361672 
 2657 	 52.274919 
 2658 	 51.893205 
 2659 	 51.893205 
 2660 	 51.858504 
 2661 	 51.858504 
 2662 	 52.274919 
 2663 	 52.222867 
 2664 	 52.118763 
 2665 	 52.257568 
 2666 	 51.823803 
 2667 	 52.118763 
 2668 	 51.771751 
 2669 	 51.754401 
 2670 	 52.118763 
 2671 	 51.737050 
 2672 	 51.737050 
 2673 	 51.719700 
 2674 	 51.702349 
 2675 	 51.719700 
 2676 	 51.667648 
 2677 	 51.719700 
 2678 	 51.667648 
 2679 	 51.667648 
 2680 	 52.049361 
 2681 	 52.032010 
 2682 	 51.997309 
 2683 	 51.598245 
 2684 	 51.997309 
 2685 	 51.580895 
 2686 	 51.563544 
 2687 	 51.945257 
 2688 	 51.927907 
 2689 	 51.528843 
 2690 	 51.875855 
 2691 	 51.494142 
 2692 	 51.893205 
 2693 	 51.459441 
 2694 	 51.823803 
 2695 	 51.875855 
 2696 	 51.407389 
 2697 	 52.014660 
 2698 	 51.789102 
 2699 	 51.719700 
 2700 	 51.719700 
 2701 	 51.372688 
 2702 	 51.355337 
 2703 	 51.337987 
 2704 	 51.650297 
 2705 	 51.563544 
 2706 	 51.337987 
 2707 	 51.632947 
 2708 	 51.268584 
 2709 	 51.528843 
 2710 	 51.251234 
 2711 	 51.407389 
 2712 	 51.199182 
 2713 	 51.442090 
 2714 	 51.216532 
 2715 	 51.164481 
 2716 	 51.164481 
 2717 	 51.164481 
 2718 	 51.580895 
 2719 	 51.164481 
 2720 	 51.077728 
 2721 	 51.095078 
 2722 	 51.112429 
 2723 	 51.129779 
 2724 	 51.563544 
 2725 	 51.095078 
 2726 	 51.442090 
 2727 	 51.424739 
 2728 	 51.320636 
 2729 	 51.355337 
 2730 	 51.303285 
 2731 	 51.320636 
 2732 	 51.077728 
 2733 	 51.355337 
 2734 	 50.956273 
 2735 	 50.938923 
 2736 	 51.303285 
 2737 	 50.938923 
 2738 	 50.921572 
 2739 	 50.921572 
 2740 	 50.886871 
 2741 	 50.852170 
 2742 	 50.852170 
 2743 	 50.869521 
 2744 	 51.147130 
 2745 	 50.852170 
 2746 	 50.800118 
 2747 	 50.817469 
 2748 	 50.782768 
 2749 	 50.817469 
 2750 	 50.800118 
 2751 	 50.765417 
 2752 	 51.129779 
 2753 	 51.112429 
 2754 	 50.748066 
 2755 	 50.748066 
 2756 	 50.678664 
 2757 	 51.129779 
 2758 	 51.025676 
 2759 	 51.043026 
 2760 	 50.661313 
 2761 	 50.956273 
 2762 	 50.626612 
 2763 	 50.643963 
 2764 	 50.921572 
 2765 	 50.956273 
 2766 	 50.609262 
 2767 	 50.574560 
 2768 	 50.956273 
 2769 	 50.539859 
 2770 	 50.852170 
 2771 	 50.869521 
 2772 	 50.522509 
 2773 	 50.470457 
 2774 	 50.522509 
 2775 	 50.487808 
 2776 	 50.713365 
 2777 	 50.765417 
 2778 	 50.453106 
 2779 	 50.470457 
 2780 	 50.817469 
 2781 	 50.869521 
 2782 	 50.418405 
 2783 	 50.817469 
 2784 	 50.401055 
 2785 	 50.696015 
 2786 	 50.765417 
 2787 	 50.331652 
 2788 	 50.331652 
 2789 	 50.730716 
 2790 	 50.349003 
 2791 	 50.713365 
 2792 	 50.626612 
 2793 	 50.678664 
 2794 	 50.279600 
 2795 	 50.557210 
 2796 	 50.262250 
 2797 	 50.244899 
 2798 	 50.609262 
 2799 	 50.643963 
 2800 	 50.626612 
 2801 	 50.574560 
 2802 	 50.227549 
 2803 	 50.574560 
 2804 	 50.175497 
 2805 	 50.175497 
 2806 	 50.175497 
 2807 	 50.539859 
 2808 	 50.487808 
 2809 	 50.505158 
 2810 	 50.158146 
 2811 	 50.123445 
 2812 	 50.470457 
 2813 	 50.123445 
 2814 	 50.106095 
 2815 	 50.106095 
 2816 	 50.088744 
 2817 	 50.071393 
 2818 	 50.401055 
 2819 	 50.071393 
 2820 	 50.088744 
 2821 	 50.366353 
 2822 	 50.036692 
 2823 	 50.036692 
 2824 	 50.366353 
 2825 	 50.349003 
 2826 	 49.984640 
 2827 	 50.001991 
 2828 	 49.967290 
 2829 	 49.932589 
 2830 	 49.932589 
 2831 	 50.314302 
 2832 	 50.331652 
 2833 	 50.314302 
 2834 	 50.296951 
 2835 	 50.331652 
 2836 	 50.349003 
 2837 	 50.279600 
 2838 	 50.192848 
 2839 	 50.192848 
 2840 	 50.314302 
 2841 	 49.863186 
 2842 	 50.140796 
 2843 	 49.845836 
 2844 	 50.244899 
 2845 	 49.828485 
 2846 	 49.793784 
 2847 	 49.793784 
 2848 	 49.811135 
 2849 	 49.776433 
 2850 	 50.175497 
 2851 	 50.106095 
 2852 	 49.793784 
 2853 	 49.776433 
 2854 	 50.088744 
 2855 	 50.088744 
 2856 	 50.088744 
 2857 	 50.088744 
 2858 	 49.689680 
 2859 	 50.054043 
 2860 	 49.689680 
 2861 	 50.123445 
 2862 	 49.689680 
 2863 	 50.036692 
 2864 	 49.672330 
 2865 	 49.672330 
 2866 	 49.672330 
 2867 	 49.672330 
 2868 	 49.637629 
 2869 	 50.071393 
 2870 	 49.672330 
 2871 	 49.620278 
 2872 	 50.054043 
 2873 	 50.036692 
 2874 	 49.585577 
 2875 	 49.637629 
 2876 	 49.602927 
 2877 	 50.019342 
 2878 	 49.620278 
 2879 	 49.585577 
 2880 	 49.932589 
 2881 	 49.880537 
 2882 	 49.568226 
 2883 	 49.949939 
 2884 	 49.915238 
 2885 	 49.568226 
 2886 	 49.550876 
 2887 	 49.967290 
 2888 	 49.880537 
 2889 	 49.845836 
 2890 	 49.516175 
 2891 	 49.932589 
 2892 	 49.741732 
 2893 	 49.516175 
 2894 	 49.689680 
 2895 	 49.481473 
 2896 	 49.828485 
 2897 	 49.845836 
 2898 	 49.481473 
 2899 	 49.464123 
 2900 	 49.446772 
 2901 	 49.429422 
 2902 	 49.811135 
 2903 	 49.724382 
 2904 	 49.446772 
 2905 	 49.429422 
 2906 	 49.394720 
 2907 	 49.446772 
 2908 	 49.845836 
 2909 	 49.377370 
 2910 	 49.724382 
 2911 	 49.394720 
 2912 	 49.377370 
 2913 	 49.394720 
 2914 	 49.672330 
 2915 	 49.724382 
 2916 	 49.377370 
 2917 	 49.377370 
 2918 	 49.325318 
 2919 	 49.360019 
 2920 	 49.342669 
 2921 	 49.724382 
 2922 	 49.707031 
 2923 	 49.724382 
 2924 	 49.325318 
 2925 	 49.707031 
 2926 	 49.307967 
 2927 	 49.325318 
 2928 	 49.325318 
 2929 	 49.307967 
 2930 	 49.741732 
 2931 	 49.342669 
 2932 	 49.672330 
 2933 	 49.307967 
 2934 	 49.741732 
 2935 	 49.342669 
 2936 	 49.360019 
 2937 	 49.637629 
 2938 	 49.307967 
 2939 	 49.325318 
 2940 	 49.724382 
 2941 	 49.654979 
 2942 	 49.342669 
 2943 	 49.637629 
 2944 	 49.307967 
 2945 	 49.325318 
 2946 	 49.654979 
 2947 	 49.689680 
 2948 	 49.273266 
 2949 	 49.273266 
 2950 	 49.672330 
 2951 	 49.255916 
 2952 	 49.654979 
 2953 	 49.689680 
 2954 	 49.307967 
 2955 	 49.290617 
 2956 	 49.602927 
 2957 	 49.689680 
 2958 	 49.637629 
 2959 	 49.672330 
 2960 	 49.255916 
 2961 	 49.290617 
 2962 	 49.255916 
 2963 	 49.620278 
 2964 	 49.620278 
 2965 	 49.255916 
 2966 	 49.203864 
 2967 	 49.654979 
 2968 	 49.255916 
 2969 	 49.637629 
 2970 	 49.568226 
 2971 	 49.221215 
 2972 	 49.602927 
 2973 	 49.221215 
 2974 	 49.498824 
 2975 	 49.620278 
 2976 	 49.255916 
 2977 	 49.238565 
 2978 	 49.238565 
 2979 	 49.221215 
 2980 	 49.255916 
 2981 	 49.203864 
 2982 	 49.602927 
 2983 	 49.620278 
 2984 	 49.238565 
 2985 	 49.238565 
 2986 	 49.221215 
 2987 	 49.550876 
 2988 	 49.637629 
 2989 	 49.620278 
 2990 	 49.620278 
 2991 	 49.585577 
 2992 	 49.568226 
 2993 	 49.620278 
 2994 	 49.255916 
 2995 	 49.481473 
 2996 	 49.273266 
 2997 	 49.637629 
 2998 	 49.221215 
 2999 	 49.221215 
 3000 	 49.238565 
 3001 	 49.255916 
 3002 	 49.238565 
 3003 	 49.238565 
 3004 	 49.255916 
 3005 	 49.255916 
 3006 	 49.255916 
 3007 	 49.255916 
 3008 	 49.255916 
 3009 	 49.290617 
 3010 	 49.238565 
 3011 	 49.255916 
 3012 	 49.273266 
 3013 	 49.290617 
 3014 	 49.602927 
 3015 	 49.672330 
 3016 	 49.307967 
 3017 	 49.273266 
 3018 	 49.290617 
 3019 	 49.290617 
 3020 	 49.620278 
 3021 	 49.290617 
 3022 	 49.273266 
 3023 	 49.654979 
 3024 	 49.273266 
 3025 	 49.707031 
 3026 	 49.307967 
 3027 	 49.307967 
 3028 	 49.290617 
 3029 	 49.307967 
 3030 	 49.307967 
 3031 	 49.307967 
 3032 	 49.828485 
 3033 	 49.654979 
 3034 	 49.342669 
 3035 	 49.654979 
 3036 	 49.307967 
 3037 	 49.290617 
 3038 	 49.724382 
 3039 	 49.290617 
 3040 	 49.307967 
 3041 	 49.672330 
 3042 	 49.360019 
 3043 	 49.360019 
 3044 	 49.325318 
 3045 	 49.759083 
 3046 	 49.741732 
 3047 	 49.307967 
 3048 	 49.360019 
 3049 	 49.689680 
 3050 	 49.342669 
 3051 	 49.360019 
 3052 	 49.394720 
 3053 	 49.377370 
 3054 	 49.377370 
 3055 	 49.394720 
 3056 	 49.811135 
 3057 	 49.377370 
 3058 	 49.724382 
 3059 	 49.412071 
 3060 	 49.759083 
 3061 	 49.412071 
 3062 	 49.429422 
 3063 	 49.689680 
 3064 	 49.446772 
 3065 	 49.446772 
 3066 	 49.880537 
 3067 	 49.446772 
 3068 	 49.845836 
 3069 	 49.863186 
 3070 	 49.863186 
 3071 	 49.585577 
 3072 	 49.793784 
 3073 	 49.811135 
 3074 	 49.932589 
 3075 	 49.880537 
 3076 	 49.845836 
 3077 	 49.533525 
 3078 	 49.568226 
 3079 	 49.533525 
 3080 	 49.516175 
 3081 	 49.568226 
 3082 	 49.984640 
 3083 	 49.568226 
 3084 	 49.967290 
 3085 	 49.550876 
 3086 	 49.585577 
 3087 	 49.550876 
 3088 	 49.915238 
 3089 	 49.585577 
 3090 	 49.915238 
 3091 	 49.585577 
 3092 	 49.585577 
 3093 	 49.568226 
 3094 	 49.585577 
 3095 	 49.932589 
 3096 	 50.036692 
 3097 	 49.654979 
 3098 	 49.984640 
 3099 	 50.036692 
 3100 	 49.654979 
 3101 	 50.001991 
 3102 	 49.984640 
 3103 	 49.672330 
 3104 	 50.054043 
 3105 	 49.672330 
 3106 	 50.088744 
 3107 	 49.689680 
 3108 	 49.984640 
 3109 	 49.724382 
 3110 	 49.724382 
 3111 	 49.689680 
 3112 	 49.741732 
 3113 	 50.296951 
 3114 	 50.054043 
 3115 	 50.175497 
 3116 	 49.863186 
 3117 	 49.741732 
 3118 	 50.175497 
 3119 	 49.793784 
 3120 	 49.793784 
 3121 	 49.793784 
 3122 	 49.811135 
 3123 	 50.175497 
 3124 	 50.158146 
 3125 	 50.175497 
 3126 	 49.863186 
 3127 	 49.863186 
 3128 	 50.262250 
 3129 	 50.435756 
 3130 	 49.880537 
 3131 	 50.296951 
 3132 	 50.331652 
 3133 	 49.897887 
 3134 	 50.331652 
 3135 	 49.915238 
 3136 	 49.984640 
 3137 	 49.967290 
 3138 	 49.949939 
 3139 	 49.949939 
 3140 	 49.984640 
 3141 	 49.984640 
 3142 	 49.984640 
 3143 	 50.019342 
 3144 	 50.019342 
 3145 	 50.331652 
 3146 	 50.036692 
 3147 	 50.401055 
 3148 	 50.088744 
 3149 	 50.487808 
 3150 	 50.401055 
 3151 	 50.071393 
 3152 	 50.088744 
 3153 	 50.505158 
 3154 	 50.106095 
 3155 	 50.366353 
 3156 	 50.522509 
 3157 	 50.505158 
 3158 	 50.158146 
 3159 	 50.470457 
 3160 	 50.557210 
 3161 	 50.522509 
 3162 	 50.175497 
 3163 	 50.175497 
 3164 	 50.192848 
 3165 	 50.626612 
 3166 	 50.591911 
 3167 	 50.210198 
 3168 	 50.244899 
 3169 	 50.210198 
 3170 	 50.279600 
 3171 	 50.279600 
 3172 	 50.609262 
 3173 	 50.279600 
 3174 	 50.314302 
 3175 	 50.279600 
 3176 	 50.296951 
 3177 	 50.314302 
 3178 	 50.314302 
 3179 	 50.678664 
 3180 	 50.401055 
 3181 	 50.678664 
 3182 	 50.401055 
 3183 	 50.730716 
 3184 	 50.401055 
 3185 	 50.383704 
 3186 	 50.453106 
 3187 	 50.435756 
 3188 	 50.852170 
 3189 	 50.418405 
 3190 	 50.886871 
 3191 	 50.487808 
 3192 	 50.817469 
 3193 	 50.557210 
 3194 	 50.539859 
 3195 	 50.904222 
 3196 	 50.557210 
 3197 	 50.557210 
 3198 	 50.574560 
 3199 	 50.557210 
 3200 	 50.990975 
 3201 	 50.574560 
 3202 	 50.626612 
 3203 	 50.626612 
 3204 	 50.643963 
 3205 	 50.696015 
 3206 	 51.060377 
 3207 	 51.043026 
 3208 	 50.696015 
 3209 	 51.112429 
 3210 	 51.164481 
 3211 	 50.730716 
 3212 	 50.765417 
 3213 	 51.129779 
 3214 	 51.077728 
 3215 	 50.782768 
 3216 	 51.147130 
 3217 	 50.800118 
 3218 	 50.834819 
 3219 	 50.800118 
 3220 	 51.199182 
 3221 	 50.852170 
 3222 	 51.147130 
 3223 	 51.268584 
 3224 	 50.886871 
 3225 	 50.921572 
 3226 	 50.904222 
 3227 	 51.233883 
 3228 	 51.285935 
 3229 	 51.320636 
 3230 	 50.956273 
 3231 	 50.956273 
 3232 	 50.938923 
 3233 	 51.025676 
 3234 	 50.973624 
 3235 	 51.285935 
 3236 	 51.043026 
 3237 	 51.060377 
 3238 	 51.355337 
 3239 	 51.442090 
 3240 	 51.095078 
 3241 	 51.095078 
 3242 	 51.095078 
 3243 	 51.112429 
 3244 	 51.112429 
 3245 	 51.147130 
 3246 	 51.164481 
 3247 	 51.598245 
 3248 	 51.181831 
 3249 	 51.199182 
 3250 	 51.216532 
 3251 	 51.546194 
 3252 	 51.164481 
 3253 	 51.233883 
 3254 	 51.251234 
 3255 	 51.580895 
 3256 	 51.285935 
 3257 	 51.684998 
 3258 	 51.737050 
 3259 	 51.285935 
 3260 	 51.632947 
 3261 	 51.355337 
 3262 	 51.684998 
 3263 	 51.355337 
 3264 	 51.355337 
 3265 	 51.737050 
 3266 	 51.754401 
 3267 	 51.424739 
 3268 	 51.806453 
 3269 	 51.684998 
 3270 	 51.459441 
 3271 	 51.806453 
 3272 	 51.875855 
 3273 	 51.494142 
 3274 	 51.528843 
 3275 	 52.084062 
 3276 	 51.945257 
 3277 	 51.580895 
 3278 	 51.598245 
 3279 	 51.580895 
 3280 	 51.580895 
 3281 	 51.945257 
 3282 	 51.945257 
 3283 	 51.650297 
 3284 	 51.650297 
 3285 	 52.032010 
 3286 	 51.650297 
 3287 	 51.684998 
 3288 	 51.719700 
 3289 	 51.684998 
 3290 	 52.153464 
 3291 	 52.101413 
 3292 	 51.754401 
 3293 	 51.771751 
 3294 	 51.806453 
 3295 	 51.771751 
 3296 	 51.789102 
 3297 	 52.188166 
 3298 	 52.240217 
 3299 	 51.823803 
 3300 	 51.875855 
 3301 	 51.875855 
 3302 	 51.858504 
 3303 	 51.875855 
 3304 	 51.893205 
 3305 	 52.292269 
 3306 	 52.361672 
 3307 	 52.344321 
 3308 	 52.326970 
 3309 	 51.962608 
 3310 	 52.292269 
 3311 	 51.979958 
 3312 	 51.997309 
 3313 	 51.997309 
 3314 	 51.997309 
 3315 	 52.361672 
 3316 	 52.032010 
 3317 	 52.361672 
 3318 	 52.396373 
 3319 	 52.101413 
 3320 	 52.448424 
 3321 	 52.396373 
 3322 	 52.465775 
 3323 	 52.517827 
 3324 	 52.136114 
 3325 	 52.118763 
 3326 	 52.170815 
 3327 	 52.205516 
 3328 	 52.222867 
 3329 	 52.222867 
 3330 	 52.621930 
 3331 	 52.222867 
 3332 	 52.639281 
 3333 	 52.621930 
 3334 	 52.639281 
 3335 	 52.639281 
 3336 	 52.274919 
 3337 	 52.274919 
 3338 	 52.361672 
 3339 	 52.344321 
 3340 	 52.361672 
 3341 	 52.656632 
 3342 	 52.379022 
 3343 	 52.743385 
 3344 	 52.396373 
 3345 	 52.396373 
 3346 	 52.431074 
 3347 	 52.413723 
 3348 	 52.465775 
 3349 	 52.864839 
 3350 	 52.899540 
 3351 	 52.934241 
 3352 	 52.517827 
 3353 	 52.708683 
 3354 	 52.864839 
 3355 	 52.552528 
 3356 	 52.552528 
 3357 	 52.847488 
 3358 	 53.020994 
 3359 	 52.986293 
 3360 	 53.003644 
 3361 	 52.899540 
 3362 	 52.604580 
 3363 	 52.639281 
 3364 	 53.055695 
 3365 	 53.020994 
 3366 	 52.691333 
 3367 	 53.020994 
 3368 	 52.726034 
 3369 	 52.708683 
 3370 	 52.708683 
 3371 	 53.073046 
 3372 	 53.159799 
 3373 	 52.691333 
 3374 	 52.760735 
 3375 	 53.125098 
 3376 	 52.760735 
 3377 	 53.125098 
 3378 	 52.795436 
 3379 	 52.812787 
 3380 	 53.246552 
 3381 	 52.830138 
 3382 	 52.830138 
 3383 	 53.211851 
 3384 	 52.882189 
 3385 	 53.211851 
 3386 	 52.864839 
 3387 	 52.882189 
 3388 	 53.281253 
 3389 	 52.899540 
 3390 	 52.830138 
 3391 	 53.298604 
 3392 	 52.934241 
 3393 	 53.333305 
 3394 	 52.951592 
 3395 	 52.986293 
 3396 	 53.402707 
 3397 	 52.968942 
 3398 	 53.420058 
 3399 	 52.968942 
 3400 	 53.385357 
 3401 	 53.038345 
 3402 	 53.368006 
 3403 	 53.472110 
 3404 	 53.402707 
 3405 	 53.055695 
 3406 	 53.090396 
 3407 	 53.125098 
 3408 	 53.107747 
 3409 	 53.107747 
 3410 	 53.142448 
 3411 	 53.472110 
 3412 	 53.125098 
 3413 	 53.142448 
 3414 	 53.558863 
 3415 	 53.576213 
 3416 	 53.524161 
 3417 	 53.576213 
 3418 	 53.194500 
 3419 	 53.541512 
 3420 	 53.211851 
 3421 	 53.229201 
 3422 	 53.263902 
 3423 	 53.263902 
 3424 	 53.229201 
 3425 	 53.246552 
 3426 	 53.715018 
 3427 	 53.645616 
 3428 	 53.315954 
 3429 	 53.593564 
 3430 	 53.333305 
 3431 	 53.315954 
 3432 	 53.333305 
 3433 	 53.315954 
 3434 	 53.784420 
 3435 	 53.350655 
 3436 	 53.749719 
 3437 	 53.385357 
 3438 	 53.402707 
 3439 	 53.819122 
 3440 	 53.402707 
 3441 	 53.715018 
 3442 	 53.420058 
 3443 	 53.454759 
 3444 	 53.437408 
 3445 	 53.420058 
 3446 	 53.871173 
 3447 	 53.472110 
 3448 	 53.905875 
 3449 	 53.819122 
 3450 	 53.506811 
 3451 	 53.923225 
 3452 	 53.819122 
 3453 	 53.905875 
 3454 	 53.853823 
 3455 	 53.524161 
 3456 	 53.558863 
 3457 	 53.541512 
 3458 	 53.975277 
 3459 	 53.576213 
 3460 	 53.975277 
 3461 	 53.957926 
 3462 	 53.905875 
 3463 	 53.558863 
 3464 	 53.888524 
 3465 	 54.027329 
 3466 	 53.923225 
 3467 	 54.009978 
 3468 	 53.610914 
 3469 	 53.975277 
 3470 	 53.975277 
 3471 	 53.975277 
 3472 	 53.645616 
 3473 	 53.975277 
 3474 	 53.645616 
 3475 	 53.662966 
 3476 	 53.628265 
 3477 	 53.680317 
 3478 	 53.645616 
 3479 	 53.715018 
 3480 	 53.715018 
 3481 	 53.715018 
 3482 	 54.131432 
 3483 	 53.697667 
 3484 	 54.114082 
 3485 	 53.749719 
 3486 	 53.732369 
 3487 	 53.749719 
 3488 	 53.749719 
 3489 	 53.749719 
 3490 	 53.732369 
 3491 	 53.767070 
 3492 	 54.079381 
 3493 	 53.801771 
 3494 	 53.749719 
 3495 	 53.767070 
 3496 	 54.200835 
 3497 	 53.784420 
 3498 	 54.235536 
 3499 	 54.218185 
 3500 	 54.131432 
 3501 	 54.166133 
 3502 	 53.975277 
 3503 	 54.148783 
 3504 	 54.183484 
 3505 	 53.819122 
 3506 	 54.218185 
 3507 	 53.819122 
 3508 	 54.218185 
 3509 	 54.270237 
 3510 	 53.871173 
 3511 	 54.183484 
 3512 	 53.853823 
 3513 	 53.871173 
 3514 	 53.871173 
 3515 	 53.888524 
 3516 	 54.218185 
 3517 	 54.252886 
 3518 	 53.923225 
 3519 	 54.252886 
 3520 	 53.871173 
 3521 	 53.888524 
 3522 	 53.888524 
 3523 	 53.905875 
 3524 	 54.356990 
 3525 	 53.905875 
 3526 	 54.270237 
 3527 	 54.322289 
 3528 	 54.287588 
 3529 	 54.322289 
 3530 	 53.957926 
 3531 	 54.322289 
 3532 	 53.957926 
 3533 	 54.322289 
 3534 	 54.287588 
 3535 	 53.957926 
 3536 	 53.957926 
 3537 	 53.923225 
 3538 	 53.940576 
 3539 	 53.940576 
 3540 	 54.356990 
 3541 	 53.957926 
 3542 	 54.287588 
 3543 	 53.940576 
 3544 	 54.270237 
 3545 	 53.957926 
 3546 	 53.888524 
 3547 	 53.940576 
 3548 	 54.287588 
 3549 	 54.356990 
 3550 	 53.957926 
 3551 	 53.975277 
 3552 	 53.975277 
 3553 	 53.975277 
 3554 	 53.975277 
 3555 	 54.304938 
 3556 	 53.940576 
 3557 	 54.009978 
 3558 	 54.027329 
 3559 	 54.322289 
 3560 	 54.009978 
 3561 	 54.409042 
 3562 	 54.530496 
 3563 	 54.339639 
 3564 	 53.940576 
 3565 	 54.009978 
 3566 	 54.009978 
 3567 	 53.957926 
 3568 	 53.992628 
 3569 	 54.009978 
 3570 	 53.992628 
 3571 	 54.009978 
 3572 	 54.009978 
 3573 	 54.009978 
 3574 	 53.975277 
 3575 	 54.027329 
 3576 	 54.443743 
 3577 	 54.009978 
 3578 	 54.461094 
 3579 	 54.009978 
 3580 	 54.027329 
 3581 	 53.992628 
 3582 	 54.009978 
 3583 	 54.027329 
 3584 	 53.992628 
 3585 	 54.356990 
 3586 	 54.027329 
 3587 	 54.339639 
 3588 	 54.044679 
 3589 	 54.027329 
 3590 	 54.009978 
 3591 	 54.027329 
 3592 	 54.009978 
 3593 	 54.322289 
 3594 	 53.992628 
 3595 	 54.027329 
 3596 	 54.374341 
 3597 	 54.009978 
 3598 	 54.356990 
 3599 	 53.992628 
 3600 	 54.391691 
 3601 	 53.992628 
 3602 	 54.009978 
 3603 	 54.009978 
 3604 	 54.339639 
 3605 	 54.374341 
 3606 	 54.374341 
 3607 	 54.009978 
 3608 	 54.339639 
 3609 	 54.374341 
 3610 	 53.957926 
 3611 	 53.957926 
 3612 	 53.957926 
 3613 	 53.957926 
 3614 	 53.957926 
 3615 	 54.339639 
 3616 	 54.304938 
 3617 	 53.975277 
 3618 	 54.287588 
 3619 	 54.339639 
 3620 	 53.957926 
 3621 	 53.940576 
 3622 	 53.923225 
 3623 	 54.374341 
 3624 	 54.374341 
 3625 	 53.957926 
 3626 	 53.957926 
 3627 	 53.940576 
 3628 	 53.905875 
 3629 	 53.923225 
 3630 	 53.923225 
 3631 	 53.923225 
 3632 	 53.940576 
 3633 	 54.339639 
 3634 	 54.322289 
 3635 	 53.888524 
 3636 	 53.940576 
 3637 	 54.304938 
 3638 	 53.923225 
 3639 	 54.287588 
 3640 	 53.888524 
 3641 	 54.218185 
 3642 	 54.166133 
 3643 	 54.287588 
 3644 	 54.356990 
 3645 	 54.252886 
 3646 	 53.923225 
 3647 	 54.218185 
 3648 	 54.183484 
 3649 	 54.252886 
 3650 	 53.871173 
 3651 	 54.148783 
 3652 	 54.252886 
 3653 	 54.235536 
 3654 	 53.871173 
 3655 	 53.853823 
 3656 	 54.166133 
 3657 	 54.235536 
 3658 	 54.062030 
 3659 	 54.270237 
 3660 	 53.853823 
 3661 	 53.784420 
 3662 	 53.819122 
 3663 	 54.218185 
 3664 	 53.836472 
 3665 	 53.819122 
 3666 	 54.079381 
 3667 	 53.819122 
 3668 	 53.836472 
 3669 	 54.183484 
 3670 	 54.166133 
 3671 	 54.114082 
 3672 	 53.923225 
 3673 	 53.749719 
 3674 	 54.131432 
 3675 	 53.749719 
 3676 	 54.079381 
 3677 	 53.749719 
 3678 	 54.166133 
 3679 	 53.749719 
 3680 	 54.096731 
 3681 	 53.697667 
 3682 	 54.079381 
 3683 	 53.715018 
 3684 	 54.131432 
 3685 	 54.114082 
 3686 	 54.096731 
 3687 	 53.680317 
 3688 	 54.009978 
 3689 	 54.044679 
 3690 	 54.027329 
 3691 	 53.628265 
 3692 	 53.957926 
 3693 	 54.009978 
 3694 	 53.992628 
 3695 	 53.610914 
 3696 	 53.992628 
 3697 	 53.593564 
 3698 	 53.992628 
 3699 	 53.628265 
 3700 	 53.576213 
 3701 	 53.975277 
 3702 	 53.576213 
 3703 	 53.905875 
 3704 	 53.541512 
 3705 	 53.940576 
 3706 	 53.558863 
 3707 	 53.905875 
 3708 	 53.541512 
 3709 	 53.853823 
 3710 	 53.888524 
 3711 	 53.541512 
 3712 	 53.905875 
 3713 	 53.506811 
 3714 	 53.489460 
 3715 	 53.836472 
 3716 	 53.472110 
 3717 	 53.819122 
 3718 	 53.801771 
 3719 	 53.836472 
 3720 	 53.454759 
 3721 	 53.853823 
 3722 	 53.784420 
 3723 	 53.819122 
 3724 	 53.420058 
 3725 	 53.732369 
 3726 	 53.402707 
 3727 	 53.767070 
 3728 	 53.420058 
 3729 	 53.437408 
 3730 	 53.402707 
 3731 	 53.715018 
 3732 	 53.385357 
 3733 	 53.732369 
 3734 	 53.732369 
 3735 	 53.385357 
 3736 	 53.368006 
 3737 	 53.749719 
 3738 	 53.333305 
 3739 	 53.680317 
 3740 	 53.524161 
 3741 	 53.645616 
 3742 	 53.281253 
 3743 	 53.558863 
 3744 	 53.593564 
 3745 	 53.628265 
 3746 	 53.211851 
 3747 	 53.558863 
 3748 	 53.211851 
 3749 	 53.194500 
 3750 	 53.229201 
 3751 	 53.506811 
 3752 	 53.211851 
 3753 	 53.524161 
 3754 	 53.159799 
 3755 	 53.159799 
 3756 	 53.506811 
 3757 	 53.142448 
 3758 	 53.506811 
 3759 	 53.142448 
 3760 	 53.524161 
 3761 	 53.107747 
 3762 	 53.489460 
 3763 	 53.090396 
 3764 	 53.506811 
 3765 	 53.472110 
 3766 	 53.437408 
 3767 	 53.454759 
 3768 	 53.038345 
 3769 	 53.454759 
 3770 	 53.020994 
 3771 	 53.333305 
 3772 	 53.020994 
 3773 	 53.020994 
 3774 	 52.968942 
 3775 	 52.951592 
 3776 	 52.951592 
 3777 	 52.916891 
 3778 	 52.916891 
 3779 	 52.899540 
 3780 	 52.916891 
 3781 	 52.864839 
 3782 	 52.882189 
 3783 	 52.882189 
 3784 	 53.298604 
 3785 	 52.882189 
 3786 	 52.847488 
 3787 	 53.263902 
 3788 	 53.107747 
 3789 	 52.830138 
 3790 	 52.778086 
 3791 	 52.795436 
 3792 	 52.795436 
 3793 	 52.760735 
 3794 	 53.055695 
 3795 	 53.125098 
 3796 	 53.142448 
 3797 	 52.743385 
 3798 	 53.107747 
 3799 	 52.673982 
 3800 	 53.107747 
 3801 	 52.656632 
 3802 	 52.673982 
 3803 	 52.656632 
 3804 	 52.656632 
 3805 	 52.604580 
 3806 	 52.986293 
 3807 	 52.621930 
 3808 	 53.003644 
 3809 	 52.569879 
 3810 	 52.916891 
 3811 	 52.986293 
 3812 	 52.968942 
 3813 	 52.934241 
 3814 	 52.899540 
 3815 	 52.517827 
 3816 	 52.500476 
 3817 	 52.500476 
 3818 	 52.916891 
 3819 	 52.986293 
 3820 	 52.413723 
 3821 	 52.795436 
 3822 	 52.431074 
 3823 	 52.448424 
 3824 	 52.448424 
 3825 	 52.413723 
 3826 	 52.396373 
 3827 	 52.743385 
 3828 	 52.396373 
 3829 	 52.916891 
 3830 	 52.379022 
 3831 	 52.691333 
 3832 	 52.309620 
 3833 	 52.309620 
 3834 	 52.274919 
 3835 	 52.292269 
 3836 	 52.673982 
 3837 	 52.587229 
 3838 	 52.274919 
 3839 	 52.517827 
 3840 	 52.205516 
 3841 	 52.222867 
 3842 	 52.222867 
 3843 	 52.552528 
 3844 	 52.205516 
 3845 	 52.604580 
 3846 	 52.205516 
 3847 	 52.535177 
 3848 	 52.170815 
 3849 	 52.448424 
 3850 	 52.101413 
 3851 	 52.500476 
 3852 	 52.396373 
 3853 	 52.066711 
 3854 	 52.379022 
 3855 	 52.500476 
 3856 	 52.413723 
 3857 	 52.500476 
 3858 	 52.379022 
 3859 	 51.997309 
 3860 	 52.413723 
 3861 	 52.361672 
 3862 	 51.962608 
 3863 	 51.945257 
 3864 	 51.945257 
 3865 	 51.927907 
 3866 	 51.910556 
 3867 	 51.945257 
 3868 	 51.893205 
 3869 	 51.893205 
 3870 	 51.893205 
 3871 	 52.222867 
 3872 	 51.858504 
 3873 	 51.858504 
 3874 	 51.841154 
 3875 	 52.118763 
 3876 	 51.806453 
 3877 	 51.789102 
 3878 	 52.153464 
 3879 	 51.719700 
 3880 	 52.101413 
 3881 	 52.136114 
 3882 	 52.084062 
 3883 	 51.702349 
 3884 	 52.049361 
 3885 	 52.049361 
 3886 	 51.979958 
 3887 	 52.014660 
 3888 	 51.979958 
 3889 	 52.049361 
 3890 	 51.580895 
 3891 	 51.598245 
 3892 	 51.563544 
 3893 	 51.598245 
 3894 	 51.962608 
 3895 	 51.962608 
 3896 	 51.875855 
 3897 	 51.650297 
 3898 	 51.528843 
 3899 	 51.875855 
 3900 	 51.442090 
 3901 	 51.442090 
 3902 	 51.858504 
 3903 	 51.407389 
 3904 	 51.424739 
 3905 	 51.407389 
 3906 	 51.407389 
 3907 	 51.390038 
 3908 	 51.875855 
 3909 	 51.337987 
 3910 	 51.320636 
 3911 	 51.320636 
 3912 	 51.684998 
 3913 	 51.303285 
 3914 	 51.702349 
 3915 	 51.303285 
 3916 	 51.667648 
 3917 	 51.251234 
 3918 	 51.632947 
 3919 	 51.216532 
 3920 	 51.563544 
 3921 	 51.199182 
 3922 	 51.164481 
 3923 	 51.615596 
 3924 	 51.598245 
 3925 	 51.702349 
 3926 	 51.459441 
 3927 	 51.112429 
 3928 	 51.442090 
 3929 	 51.476791 
 3930 	 51.095078 
 3931 	 51.112429 
 3932 	 51.442090 
 3933 	 51.008325 
 3934 	 51.043026 
 3935 	 51.442090 
 3936 	 51.008325 
 3937 	 51.355337 
 3938 	 50.973624 
 3939 	 51.060377 
 3940 	 50.973624 
 3941 	 51.129779 
 3942 	 50.938923 
 3943 	 51.251234 
 3944 	 50.904222 
 3945 	 50.904222 
 3946 	 50.869521 
 3947 	 50.852170 
 3948 	 50.886871 
 3949 	 50.834819 
 3950 	 50.800118 
 3951 	 50.800118 
 3952 	 50.800118 
 3953 	 50.800118 
 3954 	 51.303285 
 3955 	 50.782768 
 3956 	 50.730716 
 3957 	 50.748066 
 3958 	 50.748066 
 3959 	 50.713365 
 3960 	 50.696015 
 3961 	 50.713365 
 3962 	 50.643963 
 3963 	 50.678664 
 3964 	 50.643963 
 3965 	 50.643963 
 3966 	 50.643963 
 3967 	 50.956273 
 3968 	 50.609262 
 3969 	 51.025676 
 3970 	 50.886871 
 3971 	 50.973624 
 3972 	 50.886871 
 3973 	 50.921572 
 3974 	 50.886871 
 3975 	 50.886871 
 3976 	 50.886871 
 3977 	 50.886871 
 3978 	 50.487808 
 3979 	 50.921572 
 3980 	 50.487808 
 3981 	 50.505158 
 3982 	 50.817469 
 3983 	 50.904222 
 3984 	 50.435756 
 3985 	 50.713365 
 3986 	 50.401055 
 3987 	 50.383704 
 3988 	 50.383704 
 3989 	 50.765417 
 3990 	 50.366353 
 3991 	 50.661313 
 3992 	 50.696015 
 3993 	 50.696015 
 3994 	 50.643963 
 3995 	 50.696015 
 3996 	 50.609262 
 3997 	 50.661313 
 3998 	 50.643963 
 3999 	 50.227549 
 4000 	 50.262250 
 4001 	 50.539859 
 4002 	 50.522509 
 4003 	 50.609262 
 4004 	 50.539859 
 4005 	 50.574560 
 4006 	 50.487808 
 4007 	 50.574560 
 4008 	 50.158146 
 4009 	 50.470457 
 4010 	 50.123445 
 4011 	 50.453106 
 4012 	 50.401055 
 4013 	 50.088744 
 4014 	 50.401055 
 4015 	 50.401055 
 4016 	 50.054043 
 4017 	 50.383704 
 4018 	 50.331652 
 4019 	 50.401055 
 4020 	 50.331652 
 4021 	 50.366353 
 4022 	 50.383704 
 4023 	 50.019342 
 4024 	 50.296951 
 4025 	 49.915238 
 4026 	 49.984640 
 4027 	 50.106095 
 4028 	 49.915238 
 4029 	 49.915238 
 4030 	 50.227549 
 4031 	 50.244899 
 4032 	 49.897887 
 4033 	 49.880537 
 4034 	 49.863186 
 4035 	 49.863186 
 4036 	 50.244899 
 4037 	 49.863186 
 4038 	 49.811135 
 4039 	 49.811135 
 4040 	 50.192848 
 4041 	 50.123445 
 4042 	 49.793784 
 4043 	 50.123445 
 4044 	 50.123445 
 4045 	 50.140796 
 4046 	 50.088744 
 4047 	 50.088744 
 4048 	 49.741732 
 4049 	 50.088744 
 4050 	 49.707031 
 4051 	 50.071393 
 4052 	 50.001991 
 4053 	 50.088744 
 4054 	 50.001991 
 4055 	 50.054043 
 4056 	 49.707031 
 4057 	 50.071393 
 4058 	 49.689680 
 4059 	 49.672330 
 4060 	 49.654979 
 4061 	 49.654979 
 4062 	 49.654979 
 4063 	 49.654979 
 4064 	 49.897887 
 4065 	 49.967290 
 4066 	 49.585577 
 4067 	 49.897887 
 4068 	 49.793784 
 4069 	 49.585577 
 4070 	 49.550876 
 4071 	 49.568226 
 4072 	 49.568226 
 4073 	 49.550876 
 4074 	 49.550876 
 4075 	 49.568226 
 4076 	 49.533525 
 4077 	 49.533525 
 4078 	 49.550876 
 4079 	 49.516175 
 4080 	 49.533525 
 4081 	 49.498824 
 4082 	 49.915238 
 4083 	 49.446772 
 4084 	 49.845836 
 4085 	 49.481473 
 4086 	 49.481473 
 4087 	 49.464123 
 4088 	 49.897887 
 4089 	 49.446772 
 4090 	 49.464123 
 4091 	 49.481473 
 4092 	 49.429422 
 4093 	 49.446772 
 4094 	 49.429422 
 4095 	 49.394720 
 4096 	 49.429422 
 4097 	 49.394720 
 4098 	 49.394720 
 4099 	 49.759083 
 4100 	 49.724382 
 4101 	 49.377370 
 4102 	 49.672330 
 4103 	 49.377370 
 4104 	 49.811135 
 4105 	 49.377370 
 4106 	 49.325318 
 4107 	 49.325318 
 4108 	 49.377370 
 4109 	 49.377370 
 4110 	 49.377370 
 4111 	 49.377370 
 4112 	 49.741732 
 4113 	 49.307967 
 4114 	 49.325318 
 4115 	 49.307967 
 4116 	 49.307967 
 4117 	 49.654979 
 4118 	 49.637629 
 4119 	 49.637629 
 4120 	 49.724382 
 4121 	 49.654979 
 4122 	 49.585577 
 4123 	 49.707031 
 4124 	 49.464123 
 4125 	 49.654979 
 4126 	 49.568226 
 4127 	 49.255916 
 4128 	 49.585577 
 4129 	 49.585577 
 4130 	 49.689680 
 4131 	 49.238565 
 4132 	 49.620278 
 4133 	 49.255916 
 4134 	 49.221215 
 4135 	 49.273266 
 4136 	 49.238565 
 4137 	 49.238565 
 4138 	 49.637629 
 4139 	 49.221215 
 4140 	 49.203864 
 4141 	 49.238565 
 4142 	 49.221215 
 4143 	 49.481473 
 4144 	 49.550876 
 4145 	 49.221215 
 4146 	 49.221215 
 4147 	 49.221215 
 4148 	 49.203864 
 4149 	 49.498824 
 4150 	 49.498824 
 4151 	 49.602927 
 4152 	 49.533525 
 4153 	 49.637629 
 4154 	 49.186513 
 4155 	 49.186513 
 4156 	 49.550876 
 4157 	 49.151812 
 4158 	 49.602927 
 4159 	 49.568226 
 4160 	 49.134462 
 4161 	 49.498824 
 4162 	 49.516175 
 4163 	 49.186513 
 4164 	 49.550876 
 4165 	 49.585577 
 4166 	 49.134462 
 4167 	 49.134462 
 4168 	 49.151812 
 4169 	 49.533525 
 4170 	 49.516175 
 4171 	 49.498824 
 4172 	 49.516175 
 4173 	 49.585577 
 4174 	 49.550876 
 4175 	 49.498824 
 4176 	 49.498824 
 4177 	 49.169163 
 4178 	 49.498824 
 4179 	 49.151812 
 4180 	 49.550876 
 4181 	 49.464123 
 4182 	 49.446772 
 4183 	 49.516175 
 4184 	 49.151812 
 4185 	 49.429422 
 4186 	 49.412071 
 4187 	 49.498824 
 4188 	 49.481473 
 4189 	 49.550876 
 4190 	 49.169163 
 4191 	 49.585577 
 4192 	 49.134462 
 4193 	 49.568226 
 4194 	 49.169163 
 4195 	 49.151812 
 4196 	 49.516175 
 4197 	 49.481473 
 4198 	 49.186513 
 4199 	 49.169163 
 4200 	 49.498824 
 4201 	 49.481473 
 4202 	 49.464123 
 4203 	 49.169163 
 4204 	 49.169163 
 4205 	 49.134462 
 4206 	 49.481473 
 4207 	 49.169163 
 4208 	 49.707031 
 4209 	 49.446772 
 4210 	 49.550876 
 4211 	 49.169163 
 4212 	 49.169163 
 4213 	 49.498824 
 4214 	 49.516175 
 4215 	 49.568226 
 4216 	 49.186513 
 4217 	 49.585577 
 4218 	 49.516175 
 4219 	 49.533525 
 4220 	 49.550876 
 4221 	 49.533525 
 4222 	 49.151812 
 4223 	 49.151812 
 4224 	 49.550876 
 4225 	 49.498824 
 4226 	 49.151812 
 4227 	 49.203864 
 4228 	 49.516175 
 4229 	 49.516175 
 4230 	 49.585577 
 4231 	 49.238565 
 4232 	 49.602927 
 4233 	 49.394720 
 4234 	 49.221215 
 4235 	 49.238565 
 4236 	 49.602927 
 4237 	 49.169163 
 4238 	 49.151812 
 4239 	 49.550876 
 4240 	 49.221215 
 4241 	 49.203864 
 4242 	 49.238565 
 4243 	 49.602927 
 4244 	 49.255916 
 4245 	 49.203864 
 4246 	 49.620278 
 4247 	 49.238565 
 4248 	 49.221215 
 4249 	 49.620278 
 4250 	 49.255916 
 4251 	 49.568226 
 4252 	 49.273266 
 4253 	 49.707031 
 4254 	 49.255916 
 4255 	 49.307967 
 4256 	 49.637629 
 4257 	 49.290617 
 4258 	 49.689680 
 4259 	 49.724382 
 4260 	 49.759083 
 4261 	 49.290617 
 4262 	 49.307967 
 4263 	 49.307967 
 4264 	 49.307967 
 4265 	 49.307967 
 4266 	 49.360019 
 4267 	 49.342669 
 4268 	 49.360019 
 4269 	 49.290617 
 4270 	 49.360019 
 4271 	 49.360019 
 4272 	 49.377370 
 4273 	 49.707031 
 4274 	 49.360019 
 4275 	 49.394720 
 4276 	 49.360019 
 4277 	 49.394720 
 4278 	 49.342669 
 4279 	 49.394720 
 4280 	 49.863186 
 4281 	 49.429422 
 4282 	 49.863186 
 4283 	 49.446772 
 4284 	 49.828485 
 4285 	 49.446772 
 4286 	 49.446772 
 4287 	 49.464123 
 4288 	 49.446772 
 4289 	 49.464123 
 4290 	 49.446772 
 4291 	 49.498824 
 4292 	 49.498824 
 4293 	 49.481473 
 4294 	 49.481473 
 4295 	 49.498824 
 4296 	 49.481473 
 4297 	 49.516175 
 4298 	 49.568226 
 4299 	 49.533525 
 4300 	 49.897887 
 4301 	 49.949939 
 4302 	 49.949939 
 4303 	 49.568226 
 4304 	 49.568226 
 4305 	 49.550876 
 4306 	 49.602927 
 4307 	 50.001991 
 4308 	 49.897887 
 4309 	 49.984640 
 4310 	 49.967290 
 4311 	 50.001991 
 4312 	 50.019342 
 4313 	 49.637629 
 4314 	 49.620278 
 4315 	 49.949939 
 4316 	 49.654979 
 4317 	 50.054043 
 4318 	 49.620278 
 4319 	 49.654979 
 4320 	 50.001991 
 4321 	 50.036692 
 4322 	 50.036692 
 4323 	 50.123445 
 4324 	 50.088744 
 4325 	 49.707031 
 4326 	 49.707031 
 4327 	 50.054043 
 4328 	 50.036692 
 4329 	 50.123445 
 4330 	 50.106095 
 4331 	 50.175497 
 4332 	 50.140796 
 4333 	 49.741732 
 4334 	 49.811135 
 4335 	 50.158146 
 4336 	 49.793784 
 4337 	 50.088744 
 4338 	 49.863186 
 4339 	 50.227549 
 4340 	 49.845836 
 4341 	 50.192848 
 4342 	 50.210198 
 4343 	 50.296951 
 4344 	 49.863186 
 4345 	 49.897887 
 4346 	 50.192848 
 4347 	 50.175497 
 4348 	 49.915238 
 4349 	 50.210198 
 4350 	 49.949939 
 4351 	 49.932589 
 4352 	 49.932589 
 4353 	 49.932589 
 4354 	 49.984640 
 4355 	 50.331652 
 4356 	 50.383704 
 4357 	 49.967290 
 4358 	 50.001991 
 4359 	 50.383704 
 4360 	 50.314302 
 4361 	 49.967290 
 4362 	 50.366353 
 4363 	 50.453106 
 4364 	 50.487808 
 4365 	 50.054043 
 4366 	 50.071393 
 4367 	 50.383704 
 4368 	 50.505158 
 4369 	 50.123445 
 4370 	 50.539859 
 4371 	 50.140796 
 4372 	 50.453106 
 4373 	 50.539859 
 4374 	 50.158146 
 4375 	 50.609262 
 4376 	 50.140796 
 4377 	 50.192848 
 4378 	 50.539859 
 4379 	 50.522509 
 4380 	 50.522509 
 4381 	 50.227549 
 4382 	 50.244899 
 4383 	 50.609262 
 4384 	 50.279600 
 4385 	 50.643963 
 4386 	 50.643963 
 4387 	 50.696015 
 4388 	 50.296951 
 4389 	 50.296951 
 4390 	 50.661313 
 4391 	 50.643963 
 4392 	 50.713365 
 4393 	 50.349003 
 4394 	 50.366353 
 4395 	 50.782768 
 4396 	 50.418405 
 4397 	 50.782768 
 4398 	 50.730716 
 4399 	 50.765417 
 4400 	 50.435756 
 4401 	 50.713365 
 4402 	 50.453106 
 4403 	 50.834819 
 4404 	 50.869521 
 4405 	 50.522509 
 4406 	 50.522509 
 4407 	 50.921572 
 4408 	 50.869521 
 4409 	 50.574560 
 4410 	 50.539859 
 4411 	 50.574560 
 4412 	 50.557210 
 4413 	 50.956273 
 4414 	 50.990975 
 4415 	 50.609262 
 4416 	 50.609262 
 4417 	 50.643963 
 4418 	 50.661313 
 4419 	 50.661313 
 4420 	 50.696015 
 4421 	 50.678664 
 4422 	 51.008325 
 4423 	 50.713365 
 4424 	 51.112429 
 4425 	 51.095078 
 4426 	 51.112429 
 4427 	 50.765417 
 4428 	 51.164481 
 4429 	 50.817469 
 4430 	 50.782768 
 4431 	 51.181831 
 4432 	 50.852170 
 4433 	 51.147130 
 4434 	 50.869521 
 4435 	 50.869521 
 4436 	 50.869521 
 4437 	 50.904222 
 4438 	 50.886871 
 4439 	 51.303285 
 4440 	 50.956273 
 4441 	 50.938923 
 4442 	 50.973624 
 4443 	 51.320636 
 4444 	 51.320636 
 4445 	 51.390038 
 4446 	 51.407389 
 4447 	 51.025676 
 4448 	 51.407389 
 4449 	 51.025676 
 4450 	 51.476791 
 4451 	 51.060377 
 4452 	 51.112429 
 4453 	 51.112429 
 4454 	 51.129779 
 4455 	 51.442090 
 4456 	 51.563544 
 4457 	 51.147130 
 4458 	 51.164481 
 4459 	 51.494142 
 4460 	 51.563544 
 4461 	 51.528843 
 4462 	 51.546194 
 4463 	 51.216532 
 4464 	 51.580895 
 4465 	 51.650297 
 4466 	 51.251234 
 4467 	 51.251234 
 4468 	 51.632947 
 4469 	 51.303285 
 4470 	 51.320636 
 4471 	 51.702349 
 4472 	 51.372688 
 4473 	 51.771751 
 4474 	 51.719700 
 4475 	 51.390038 
 4476 	 51.407389 
 4477 	 51.355337 
 4478 	 51.390038 
 4479 	 51.858504 
 4480 	 51.459441 
 4481 	 51.459441 
 4482 	 51.494142 
 4483 	 51.511492 
 4484 	 51.875855 
 4485 	 51.875855 
 4486 	 52.118763 
 4487 	 51.511492 
 4488 	 51.546194 
 4489 	 51.563544 
 4490 	 51.563544 
 4491 	 51.910556 
 4492 	 51.789102 
 4493 	 52.014660 
 4494 	 51.979958 
 4495 	 51.650297 
 4496 	 51.962608 
 4497 	 52.032010 
 4498 	 52.049361 
 4499 	 52.136114 
 4500 	 51.719700 
 4501 	 51.719700 
 4502 	 52.032010 
 4503 	 52.066711 
 4504 	 52.153464 
 4505 	 52.118763 
 4506 	 52.118763 
 4507 	 51.789102 
 4508 	 52.170815 
 4509 	 52.205516 
 4510 	 52.153464 
 4511 	 52.257568 
 4512 	 51.875855 
 4513 	 51.858504 
 4514 	 51.893205 
 4515 	 52.222867 
 4516 	 51.927907 
 4517 	 51.893205 
 4518 	 52.326970 
 4519 	 51.910556 
 4520 	 51.962608 
 4521 	 51.979958 
 4522 	 51.979958 
 4523 	 52.361672 
 4524 	 52.379022 
 4525 	 52.448424 
 4526 	 52.032010 
 4527 	 52.049361 
 4528 	 52.032010 
 4529 	 52.101413 
 4530 	 52.101413 
 4531 	 52.118763 
 4532 	 52.535177 
 4533 	 52.500476 
 4534 	 52.170815 
 4535 	 52.136114 
 4536 	 52.170815 
 4537 	 52.500476 
 4538 	 52.500476 
 4539 	 52.535177 
 4540 	 52.569879 
 4541 	 52.621930 
 4542 	 52.257568 
 4543 	 52.240217 
 4544 	 52.257568 
 4545 	 52.274919 
 4546 	 52.274919 
 4547 	 52.621930 
 4548 	 52.309620 
 4549 	 52.726034 
 4550 	 52.361672 
 4551 	 52.760735 
 4552 	 52.760735 
 4553 	 52.361672 
 4554 	 52.379022 
 4555 	 52.396373 
 4556 	 52.760735 
 4557 	 52.465775 
 4558 	 52.431074 
 4559 	 52.795436 
 4560 	 52.483126 
 4561 	 52.500476 
 4562 	 52.830138 
 4563 	 52.500476 
 4564 	 52.500476 
 4565 	 52.500476 
 4566 	 52.535177 
 4567 	 52.830138 
 4568 	 52.569879 
 4569 	 52.934241 
 4570 	 52.986293 
 4571 	 52.587229 
 4572 	 52.621930 
 4573 	 52.934241 
 4574 	 52.673982 
 4575 	 52.986293 
 4576 	 53.073046 
 4577 	 52.673982 
 4578 	 52.986293 
 4579 	 52.673982 
 4580 	 52.708683 
 4581 	 52.708683 
 4582 	 52.691333 
 4583 	 52.760735 
 4584 	 52.778086 
 4585 	 52.743385 
 4586 	 52.760735 
 4587 	 52.760735 
 4588 	 52.795436 
 4589 	 53.142448 
 4590 	 52.778086 
 4591 	 52.830138 
 4592 	 52.812787 
 4593 	 52.812787 
 4594 	 53.177149 
 4595 	 52.882189 
 4596 	 52.882189 
 4597 	 52.899540 
 4598 	 52.899540 
 4599 	 52.934241 
 4600 	 52.951592 
 4601 	 53.246552 
 4602 	 53.368006 
 4603 	 53.368006 
 4604 	 52.986293 
 4605 	 52.986293 
 4606 	 53.003644 
 4607 	 52.986293 
 4608 	 53.368006 
 4609 	 53.020994 
 4610 	 53.472110 
 4611 	 53.038345 
 4612 	 53.038345 
 4613 	 53.420058 
 4614 	 53.055695 
 4615 	 53.420058 
 4616 	 53.437408 
 4617 	 53.437408 
 4618 	 53.107747 
 4619 	 53.125098 
 4620 	 53.125098 
 4621 	 53.159799 
 4622 	 53.159799 
 4623 	 53.159799 
 4624 	 53.142448 
 4625 	 53.177149 
 4626 	 53.211851 
 4627 	 53.229201 
 4628 	 53.194500 
 4629 	 53.211851 
 4630 	 53.263902 
 4631 	 53.194500 
 4632 	 53.229201 
 4633 	 53.246552 
 4634 	 53.263902 
 4635 	 53.315954 
 4636 	 53.281253 
 4637 	 53.315954 
 4638 	 53.298604 
 4639 	 53.298604 
 4640 	 53.298604 
 4641 	 53.680317 
 4642 	 53.645616 
 4643 	 53.680317 
 4644 	 53.732369 
 4645 	 53.402707 
 4646 	 53.385357 
 4647 	 53.385357 
 4648 	 53.420058 
 4649 	 53.715018 
 4650 	 53.732369 
 4651 	 53.402707 
 4652 	 53.853823 
 4653 	 53.489460 
 4654 	 53.437408 
 4655 	 53.871173 
 4656 	 53.888524 
 4657 	 53.888524 
 4658 	 53.472110 
 4659 	 53.506811 
 4660 	 53.489460 
 4661 	 53.506811 
 4662 	 53.541512 
 4663 	 53.940576 
 4664 	 53.524161 
 4665 	 53.506811 
 4666 	 53.506811 
 4667 	 53.593564 
 4668 	 53.871173 
 4669 	 53.541512 
 4670 	 53.940576 
 4671 	 53.610914 
 4672 	 53.593564 
 4673 	 54.027329 
 4674 	 53.940576 
 4675 	 53.576213 
 4676 	 53.593564 
 4677 	 53.610914 
 4678 	 53.645616 
 4679 	 53.558863 
 4680 	 53.975277 
 4681 	 54.009978 
 4682 	 54.062030 
 4683 	 53.680317 
 4684 	 53.645616 
 4685 	 53.697667 
 4686 	 53.697667 
 4687 	 53.715018 
 4688 	 54.062030 
 4689 	 54.096731 
 4690 	 53.697667 
 4691 	 53.732369 
 4692 	 53.697667 
 4693 	 53.749719 
 4694 	 53.749719 
 4695 	 54.148783 
 4696 	 53.732369 
 4697 	 54.131432 
 4698 	 54.062030 
 4699 	 53.732369 
 4700 	 53.767070 
 4701 	 53.784420 
 4702 	 53.767070 
 4703 	 54.131432 
 4704 	 53.784420 
 4705 	 53.801771 
 4706 	 53.784420 
 4707 	 53.819122 
 4708 	 53.801771 
 4709 	 53.801771 
 4710 	 54.200835 
 4711 	 54.200835 
 4712 	 54.131432 
 4713 	 53.853823 
 4714 	 54.200835 
 4715 	 54.218185 
 4716 	 54.200835 
 4717 	 53.871173 
 4718 	 53.871173 
 4719 	 53.888524 
 4720 	 54.200835 
 4721 	 53.905875 
 4722 	 53.905875 
 4723 	 53.923225 
 4724 	 53.905875 
 4725 	 53.888524 
 4726 	 54.339639 
 4727 	 53.905875 
 4728 	 53.905875 
 4729 	 53.905875 
 4730 	 53.836472 
 4731 	 53.923225 
 4732 	 54.339639 
 4733 	 53.940576 
 4734 	 53.905875 
 4735 	 53.940576 
 4736 	 53.957926 
 4737 	 54.287588 
 4738 	 54.322289 
 4739 	 53.975277 
 4740 	 53.992628 
 4741 	 53.957926 
 4742 	 53.992628 
 4743 	 53.975277 
 4744 	 54.322289 
 4745 	 53.975277 
 4746 	 53.975277 
 4747 	 53.975277 
 4748 	 54.426392 
 4749 	 53.975277 
 4750 	 54.443743 
 4751 	 54.374341 
 4752 	 54.461094 
 4753 	 54.044679 
 4754 	 54.044679 
 4755 	 54.391691 
 4756 	 54.009978 
 4757 	 54.443743 
 4758 	 54.356990 
 4759 	 54.027329 
 4760 	 54.391691 
 4761 	 54.044679 
 4762 	 54.027329 
 4763 	 54.027329 
 4764 	 54.009978 
 4765 	 54.044679 
 4766 	 54.062030 
 4767 	 54.461094 
 4768 	 54.443743 
 4769 	 54.374341 
 4770 	 54.062030 
 4771 	 54.044679 
 4772 	 54.062030 
 4773 	 54.079381 
 4774 	 54.079381 
 4775 	 54.062030 
 4776 	 54.478444 
 4777 	 54.495795 
 4778 	 54.461094 
 4779 	 54.096731 
 4780 	 54.443743 
 4781 	 54.044679 
 4782 	 54.409042 
 4783 	 54.461094 
 4784 	 54.409042 
 4785 	 54.530496 
 4786 	 54.409042 
 4787 	 54.478444 
 4788 	 54.409042 
 4789 	 54.530496 
 4790 	 54.495795 
 4791 	 54.478444 
 4792 	 54.426392 
 4793 	 54.547847 
 4794 	 54.461094 
 4795 	 54.513145 
 4796 	 54.391691 
 4797 	 54.461094 
 4798 	 54.513145 
 4799 	 54.461094 
 