Period 	 T100 	 T0 
60 	 3.740000 	 2.747000 
Point Number 	 Temperature 
0 	 51.598245 
 1 	 51.632947 
 2 	 52.032010 
 3 	 51.650297 
 4 	 51.893205 
 5 	 51.632947 
 6 	 51.632947 
 7 	 52.014660 
 8 	 51.702349 
 9 	 52.032010 
 10 	 52.101413 
 11 	 51.684998 
 12 	 51.684998 
 13 	 51.719700 
 14 	 51.684998 
 15 	 52.032010 
 16 	 51.702349 
 17 	 51.719700 
 18 	 52.014660 
 19 	 51.684998 
 20 	 51.684998 
 21 	 51.737050 
 22 	 51.719700 
 23 	 51.719700 
 24 	 51.702349 
 25 	 51.719700 
 26 	 51.737050 
 27 	 51.737050 
 28 	 52.066711 
 29 	 52.170815 
 30 	 52.049361 
 31 	 52.101413 
 32 	 52.049361 
 33 	 51.771751 
 34 	 51.771751 
 35 	 52.084062 
 36 	 51.754401 
 37 	 51.737050 
 38 	 52.205516 
 39 	 51.754401 
 40 	 52.136114 
 41 	 51.719700 
 42 	 51.771751 
 43 	 51.719700 
 44 	 51.719700 
 45 	 52.084062 
 46 	 51.754401 
 47 	 51.754401 
 48 	 52.188166 
 49 	 52.222867 
 50 	 52.274919 
 51 	 51.789102 
 52 	 51.806453 
 53 	 51.789102 
 54 	 52.170815 
 55 	 51.806453 
 56 	 52.188166 
 57 	 52.136114 
 58 	 52.153464 
 59 	 52.326970 
 60 	 52.136114 
 61 	 51.789102 
 62 	 51.823803 
 63 	 52.205516 
 64 	 51.875855 
 65 	 52.205516 
 66 	 52.170815 
 67 	 52.188166 
 68 	 52.257568 
 69 	 52.222867 
 70 	 51.875855 
 71 	 52.205516 
 72 	 52.205516 
 73 	 52.205516 
 74 	 51.875855 
 75 	 51.841154 
 76 	 51.893205 
 77 	 51.858504 
 78 	 52.274919 
 79 	 51.875855 
 80 	 52.292269 
 81 	 51.858504 
 82 	 51.893205 
 83 	 52.222867 
 84 	 52.274919 
 85 	 51.910556 
 86 	 52.188166 
 87 	 52.136114 
 88 	 52.292269 
 89 	 52.309620 
 90 	 52.274919 
 91 	 52.240217 
 92 	 52.222867 
 93 	 51.910556 
 94 	 52.257568 
 95 	 52.240217 
 96 	 52.240217 
 97 	 52.309620 
 98 	 52.309620 
 99 	 52.222867 
 100 	 51.893205 
 101 	 51.910556 
 102 	 51.910556 
 103 	 51.927907 
 104 	 52.292269 
 105 	 52.274919 
 106 	 51.893205 
 107 	 52.309620 
 108 	 51.910556 
 109 	 51.910556 
 110 	 52.257568 
 111 	 51.927907 
 112 	 51.945257 
 113 	 52.309620 
 114 	 52.240217 
 115 	 52.257568 
 116 	 51.927907 
 117 	 52.292269 
 118 	 51.945257 
 119 	 52.257568 
 120 	 51.962608 
 121 	 51.945257 
 122 	 52.344321 
 123 	 51.927907 
 124 	 51.945257 
 125 	 51.927907 
 126 	 51.962608 
 127 	 52.361672 
 128 	 52.274919 
 129 	 51.962608 
 130 	 51.945257 
 131 	 52.465775 
 132 	 51.927907 
 133 	 52.361672 
 134 	 51.910556 
 135 	 51.927907 
 136 	 52.326970 
 137 	 52.292269 
 138 	 52.274919 
 139 	 52.240217 
 140 	 51.945257 
 141 	 51.962608 
 142 	 51.945257 
 143 	 51.945257 
 144 	 52.240217 
 145 	 51.927907 
 146 	 51.945257 
 147 	 52.326970 
 148 	 52.309620 
 149 	 51.945257 
 150 	 52.326970 
 151 	 51.962608 
 152 	 52.205516 
 153 	 52.326970 
 154 	 52.344321 
 155 	 52.309620 
 156 	 51.945257 
 157 	 52.274919 
 158 	 51.962608 
 159 	 52.326970 
 160 	 52.274919 
 161 	 51.927907 
 162 	 52.344321 
 163 	 52.361672 
 164 	 51.910556 
 165 	 52.309620 
 166 	 51.927907 
 167 	 52.326970 
 168 	 52.344321 
 169 	 51.910556 
 170 	 51.927907 
 171 	 51.962608 
 172 	 51.927907 
 173 	 51.910556 
 174 	 52.292269 
 175 	 52.292269 
 176 	 51.962608 
 177 	 51.927907 
 178 	 51.927907 
 179 	 51.927907 
 180 	 52.274919 
 181 	 52.274919 
 182 	 52.257568 
 183 	 51.910556 
 184 	 51.910556 
 185 	 52.188166 
 186 	 52.222867 
 187 	 51.910556 
 188 	 51.910556 
 189 	 52.292269 
 190 	 52.361672 
 191 	 52.257568 
 192 	 51.893205 
 193 	 51.893205 
 194 	 51.875855 
 195 	 52.205516 
 196 	 52.257568 
 197 	 51.893205 
 198 	 51.910556 
 199 	 52.257568 
 200 	 52.274919 
 201 	 52.292269 
 202 	 51.858504 
 203 	 51.945257 
 204 	 52.136114 
 205 	 51.893205 
 206 	 51.875855 
 207 	 51.875855 
 208 	 51.841154 
 209 	 51.893205 
 210 	 51.893205 
 211 	 51.858504 
 212 	 52.240217 
 213 	 51.841154 
 214 	 52.188166 
 215 	 51.875855 
 216 	 51.875855 
 217 	 51.875855 
 218 	 52.188166 
 219 	 51.841154 
 220 	 51.841154 
 221 	 51.823803 
 222 	 52.153464 
 223 	 52.292269 
 224 	 52.240217 
 225 	 52.274919 
 226 	 51.841154 
 227 	 52.222867 
 228 	 52.205516 
 229 	 51.806453 
 230 	 51.841154 
 231 	 51.806453 
 232 	 52.170815 
 233 	 52.118763 
 234 	 52.170815 
 235 	 51.771751 
 236 	 51.823803 
 237 	 51.771751 
 238 	 52.188166 
 239 	 51.806453 
 240 	 51.789102 
 241 	 51.806453 
 242 	 51.823803 
 243 	 51.754401 
 244 	 52.240217 
 245 	 52.118763 
 246 	 51.771751 
 247 	 52.188166 
 248 	 52.101413 
 249 	 51.754401 
 250 	 51.754401 
 251 	 52.170815 
 252 	 52.101413 
 253 	 52.170815 
 254 	 52.101413 
 255 	 51.789102 
 256 	 51.754401 
 257 	 52.066711 
 258 	 51.737050 
 259 	 51.719700 
 260 	 51.719700 
 261 	 52.153464 
 262 	 52.118763 
 263 	 51.737050 
 264 	 51.771751 
 265 	 51.719700 
 266 	 51.684998 
 267 	 52.066711 
 268 	 52.084062 
 269 	 51.702349 
 270 	 51.684998 
 271 	 51.667648 
 272 	 51.667648 
 273 	 51.684998 
 274 	 51.702349 
 275 	 51.702349 
 276 	 51.702349 
 277 	 52.014660 
 278 	 51.684998 
 279 	 52.084062 
 280 	 51.650297 
 281 	 51.667648 
 282 	 51.684998 
 283 	 51.650297 
 284 	 51.684998 
 285 	 51.927907 
 286 	 51.979958 
 287 	 51.667648 
 288 	 51.962608 
 289 	 52.066711 
 290 	 51.615596 
 291 	 51.615596 
 292 	 51.615596 
 293 	 51.632947 
 294 	 51.650297 
 295 	 51.615596 
 296 	 52.032010 
 297 	 52.014660 
 298 	 52.032010 
 299 	 51.615596 
 300 	 51.615596 
 301 	 51.598245 
 302 	 51.580895 
 303 	 51.910556 
 304 	 51.598245 
 305 	 51.580895 
 306 	 51.927907 
 307 	 51.893205 
 308 	 51.979958 
 309 	 51.563544 
 310 	 51.563544 
 311 	 51.598245 
 312 	 51.858504 
 313 	 51.528843 
 314 	 51.528843 
 315 	 51.546194 
 316 	 51.563544 
 317 	 51.528843 
 318 	 51.858504 
 319 	 51.997309 
 320 	 51.945257 
 321 	 51.528843 
 322 	 51.528843 
 323 	 51.546194 
 324 	 51.546194 
 325 	 51.511492 
 326 	 51.789102 
 327 	 51.858504 
 328 	 51.476791 
 329 	 51.511492 
 330 	 51.841154 
 331 	 51.858504 
 332 	 51.875855 
 333 	 51.459441 
 334 	 51.494142 
 335 	 51.823803 
 336 	 51.476791 
 337 	 51.910556 
 338 	 51.823803 
 339 	 51.494142 
 340 	 51.459441 
 341 	 51.893205 
 342 	 52.049361 
 343 	 51.823803 
 344 	 51.494142 
 345 	 51.806453 
 346 	 51.476791 
 347 	 51.459441 
 348 	 51.841154 
 349 	 51.442090 
 350 	 51.841154 
 351 	 51.737050 
 352 	 51.789102 
 353 	 51.459441 
 354 	 51.407389 
 355 	 51.442090 
 356 	 51.442090 
 357 	 51.407389 
 358 	 51.771751 
 359 	 51.858504 
 360 	 51.789102 
 361 	 51.424739 
 362 	 51.372688 
 363 	 51.893205 
 364 	 51.667648 
 365 	 51.789102 
 366 	 51.355337 
 367 	 51.407389 
 368 	 51.823803 
 369 	 51.823803 
 370 	 51.737050 
 371 	 51.355337 
 372 	 51.737050 
 373 	 51.737050 
 374 	 51.719700 
 375 	 51.355337 
 376 	 51.355337 
 377 	 51.667648 
 378 	 51.337987 
 379 	 51.337987 
 380 	 51.355337 
 381 	 51.372688 
 382 	 51.355337 
 383 	 51.684998 
 384 	 51.771751 
 385 	 51.372688 
 386 	 51.355337 
 387 	 51.303285 
 388 	 51.320636 
 389 	 51.650297 
 390 	 51.355337 
 391 	 51.337987 
 392 	 51.771751 
 393 	 51.320636 
 394 	 51.320636 
 395 	 51.615596 
 396 	 51.303285 
 397 	 51.702349 
 398 	 51.702349 
 399 	 51.303285 
 400 	 51.320636 
 401 	 51.303285 
 402 	 51.702349 
 403 	 51.303285 
 404 	 51.320636 
 405 	 51.650297 
 406 	 51.632947 
 407 	 51.285935 
 408 	 51.702349 
 409 	 51.650297 
 410 	 51.650297 
 411 	 51.684998 
 412 	 51.702349 
 413 	 51.632947 
 414 	 51.285935 
 415 	 51.233883 
 416 	 51.285935 
 417 	 51.702349 
 418 	 51.268584 
 419 	 51.285935 
 420 	 51.546194 
 421 	 51.667648 
 422 	 51.684998 
 423 	 51.268584 
 424 	 51.268584 
 425 	 51.598245 
 426 	 51.285935 
 427 	 51.615596 
 428 	 51.580895 
 429 	 51.268584 
 430 	 51.268584 
 431 	 51.268584 
 432 	 51.285935 
 433 	 51.251234 
 434 	 51.580895 
 435 	 51.233883 
 436 	 51.632947 
 437 	 51.268584 
 438 	 51.650297 
 439 	 51.563544 
 440 	 51.580895 
 441 	 51.702349 
 442 	 51.598245 
 443 	 51.615596 
 444 	 51.598245 
 445 	 51.268584 
 446 	 51.251234 
 447 	 51.251234 
 448 	 51.268584 
 449 	 51.684998 
 450 	 51.632947 
 451 	 51.667648 
 452 	 51.580895 
 453 	 51.650297 
 454 	 51.580895 
 455 	 51.841154 
 456 	 51.268584 
 457 	 51.251234 
 458 	 51.632947 
 459 	 51.615596 
 460 	 51.563544 
 461 	 51.615596 
 462 	 51.598245 
 463 	 51.598245 
 464 	 51.268584 
 465 	 51.563544 
 466 	 51.251234 
 467 	 51.251234 
 468 	 51.268584 
 469 	 51.598245 
 470 	 51.684998 
 471 	 51.251234 
 472 	 51.233883 
 473 	 51.251234 
 474 	 51.563544 
 475 	 51.580895 
 476 	 51.615596 
 477 	 51.702349 
 478 	 51.650297 
 479 	 51.615596 
 480 	 51.268584 
 481 	 51.251234 
 482 	 51.285935 
 483 	 51.719700 
 484 	 51.268584 
 485 	 51.702349 
 486 	 51.268584 
 487 	 51.233883 
 488 	 51.268584 
 489 	 51.268584 
 490 	 51.303285 
 491 	 51.285935 
 492 	 51.285935 
 493 	 51.667648 
 494 	 51.285935 
 495 	 51.303285 
 496 	 51.268584 
 497 	 51.684998 
 498 	 51.615596 
 499 	 51.303285 
 500 	 51.737050 
 501 	 51.737050 
 502 	 51.303285 
 503 	 51.285935 
 504 	 51.615596 
 505 	 51.320636 
 506 	 51.771751 
 507 	 51.303285 
 508 	 51.719700 
 509 	 51.598245 
 510 	 51.667648 
 511 	 51.702349 
 512 	 51.303285 
 513 	 51.667648 
 514 	 51.303285 
 515 	 51.337987 
 516 	 51.320636 
 517 	 51.650297 
 518 	 51.320636 
 519 	 51.355337 
 520 	 51.754401 
 521 	 51.337987 
 522 	 51.320636 
 523 	 51.702349 
 524 	 51.789102 
 525 	 51.372688 
 526 	 51.320636 
 527 	 51.320636 
 528 	 51.858504 
 529 	 51.337987 
 530 	 51.754401 
 531 	 51.372688 
 532 	 51.337987 
 533 	 51.320636 
 534 	 51.320636 
 535 	 51.754401 
 536 	 51.737050 
 537 	 51.771751 
 538 	 51.372688 
 539 	 51.684998 
 540 	 51.372688 
 541 	 51.702349 
 542 	 51.372688 
 543 	 51.806453 
 544 	 51.702349 
 545 	 51.390038 
 546 	 51.372688 
 547 	 51.702349 
 548 	 51.390038 
 549 	 51.390038 
 550 	 51.407389 
 551 	 51.407389 
 552 	 51.390038 
 553 	 51.737050 
 554 	 51.719700 
 555 	 51.424739 
 556 	 51.806453 
 557 	 51.476791 
 558 	 51.771751 
 559 	 51.789102 
 560 	 51.424739 
 561 	 51.737050 
 562 	 51.858504 
 563 	 51.806453 
 564 	 51.823803 
 565 	 51.875855 
 566 	 51.806453 
 567 	 51.424739 
 568 	 51.875855 
 569 	 51.459441 
 570 	 51.459441 
 571 	 51.737050 
 572 	 51.858504 
 573 	 51.476791 
 574 	 51.476791 
 575 	 51.841154 
 576 	 51.424739 
 577 	 51.858504 
 578 	 51.494142 
 579 	 51.494142 
 580 	 51.528843 
 581 	 51.823803 
 582 	 51.771751 
 583 	 51.858504 
 584 	 51.927907 
 585 	 51.511492 
 586 	 51.875855 
 587 	 51.910556 
 588 	 51.910556 
 589 	 51.910556 
 590 	 51.962608 
 591 	 51.528843 
 592 	 51.546194 
 593 	 51.927907 
 594 	 51.563544 
 595 	 51.546194 
 596 	 51.494142 
 597 	 52.118763 
 598 	 51.979958 
 599 	 51.528843 
 600 	 51.875855 
 601 	 51.563544 
 602 	 51.546194 
 603 	 51.997309 
 604 	 51.927907 
 605 	 51.997309 
 606 	 51.927907 
 607 	 51.580895 
 608 	 51.563544 
 609 	 51.997309 
 610 	 51.893205 
 611 	 51.962608 
 612 	 51.979958 
 613 	 52.032010 
 614 	 51.615596 
 615 	 51.580895 
 616 	 51.615596 
 617 	 51.910556 
 618 	 51.615596 
 619 	 51.615596 
 620 	 52.032010 
 621 	 51.615596 
 622 	 52.049361 
 623 	 51.632947 
 624 	 51.997309 
 625 	 51.650297 
 626 	 52.049361 
 627 	 51.650297 
 628 	 52.084062 
 629 	 51.667648 
 630 	 51.667648 
 631 	 51.667648 
 632 	 51.667648 
 633 	 51.684998 
 634 	 51.650297 
 635 	 51.702349 
 636 	 51.702349 
 637 	 52.049361 
 638 	 51.702349 
 639 	 52.118763 
 640 	 51.702349 
 641 	 51.684998 
 642 	 52.014660 
 643 	 52.101413 
 644 	 51.650297 
 645 	 52.136114 
 646 	 52.049361 
 647 	 51.684998 
 648 	 51.719700 
 649 	 51.737050 
 650 	 51.754401 
 651 	 51.719700 
 652 	 51.754401 
 653 	 51.719700 
 654 	 51.771751 
 655 	 52.136114 
 656 	 52.136114 
 657 	 51.737050 
 658 	 51.771751 
 659 	 51.754401 
 660 	 51.754401 
 661 	 52.188166 
 662 	 52.205516 
 663 	 51.771751 
 664 	 51.789102 
 665 	 51.789102 
 666 	 51.771751 
 667 	 51.789102 
 668 	 51.789102 
 669 	 51.771751 
 670 	 51.806453 
 671 	 51.823803 
 672 	 51.771751 
 673 	 51.823803 
 674 	 52.240217 
 675 	 51.823803 
 676 	 51.806453 
 677 	 51.806453 
 678 	 51.806453 
 679 	 52.274919 
 680 	 52.136114 
 681 	 52.257568 
 682 	 51.823803 
 683 	 52.170815 
 684 	 52.170815 
 685 	 52.170815 
 686 	 52.222867 
 687 	 52.257568 
 688 	 52.118763 
 689 	 52.240217 
 690 	 52.136114 
 691 	 51.858504 
 692 	 52.205516 
 693 	 52.205516 
 694 	 52.274919 
 695 	 52.222867 
 696 	 52.136114 
 697 	 51.858504 
 698 	 51.841154 
 699 	 51.893205 
 700 	 52.240217 
 701 	 51.858504 
 702 	 52.292269 
 703 	 51.875855 
 704 	 51.893205 
 705 	 51.875855 
 706 	 51.875855 
 707 	 51.875855 
 708 	 51.875855 
 709 	 51.875855 
 710 	 51.910556 
 711 	 51.875855 
 712 	 51.875855 
 713 	 51.858504 
 714 	 51.910556 
 715 	 52.309620 
 716 	 52.205516 
 717 	 51.893205 
 718 	 52.170815 
 719 	 51.893205 
 720 	 51.875855 
 721 	 51.893205 
 722 	 51.927907 
 723 	 52.188166 
 724 	 51.893205 
 725 	 52.344321 
 726 	 51.893205 
 727 	 51.927907 
 728 	 51.927907 
 729 	 51.910556 
 730 	 51.875855 
 731 	 51.910556 
 732 	 51.893205 
 733 	 51.910556 
 734 	 51.927907 
 735 	 51.945257 
 736 	 51.927907 
 737 	 52.344321 
 738 	 52.222867 
 739 	 51.927907 
 740 	 51.927907 
 741 	 51.893205 
 742 	 51.910556 
 743 	 52.326970 
 744 	 51.927907 
 745 	 52.379022 
 746 	 52.344321 
 747 	 51.945257 
 748 	 51.979958 
 749 	 51.910556 
 750 	 51.910556 
 751 	 51.945257 
 752 	 51.945257 
 753 	 51.945257 
 754 	 51.927907 
 755 	 52.257568 
 756 	 52.240217 
 757 	 52.274919 
 758 	 52.361672 
 759 	 52.257568 
 760 	 52.274919 
 761 	 52.274919 
 762 	 51.979958 
 763 	 52.379022 
 764 	 52.361672 
 765 	 51.927907 
 766 	 51.945257 
 767 	 51.962608 
 768 	 52.344321 
 769 	 52.396373 
 770 	 51.979958 
 771 	 52.396373 
 772 	 51.945257 
 773 	 52.396373 
 774 	 52.361672 
 775 	 52.413723 
 776 	 51.962608 
 777 	 51.962608 
 778 	 51.945257 
 779 	 52.309620 
 780 	 51.945257 
 781 	 52.361672 
 782 	 51.962608 
 783 	 52.292269 
 784 	 51.945257 
 785 	 52.309620 
 786 	 52.292269 
 787 	 51.910556 
 788 	 52.465775 
 789 	 51.910556 
 790 	 52.344321 
 791 	 51.945257 
 792 	 51.962608 
 793 	 51.945257 
 794 	 51.945257 
 795 	 51.927907 
 796 	 51.927907 
 797 	 51.927907 
 798 	 52.309620 
 799 	 51.910556 
 800 	 51.945257 
 801 	 51.927907 
 802 	 51.927907 
 803 	 51.945257 
 804 	 51.910556 
 805 	 51.910556 
 806 	 51.893205 
 807 	 52.292269 
 808 	 52.292269 
 809 	 52.344321 
 810 	 52.274919 
 811 	 52.309620 
 812 	 52.292269 
 813 	 52.292269 
 814 	 52.257568 
 815 	 52.292269 
 816 	 52.292269 
 817 	 52.309620 
 818 	 52.240217 
 819 	 51.875855 
 820 	 52.222867 
 821 	 51.858504 
 822 	 52.240217 
 823 	 51.841154 
 824 	 52.240217 
 825 	 51.893205 
 826 	 52.188166 
 827 	 52.240217 
 828 	 51.875855 
 829 	 52.170815 
 830 	 52.188166 
 831 	 51.893205 
 832 	 52.205516 
 833 	 51.875855 
 834 	 51.910556 
 835 	 52.274919 
 836 	 52.205516 
 837 	 51.841154 
 838 	 52.222867 
 839 	 51.841154 
 840 	 52.257568 
 841 	 52.257568 
 842 	 52.205516 
 843 	 51.858504 
 844 	 52.153464 
 845 	 52.257568 
 846 	 52.222867 
 847 	 51.806453 
 848 	 52.170815 
 849 	 52.257568 
 850 	 51.841154 
 851 	 52.205516 
 852 	 51.841154 
 853 	 52.222867 
 854 	 52.188166 
 855 	 52.292269 
 856 	 52.222867 
 857 	 52.170815 
 858 	 52.188166 
 859 	 51.806453 
 860 	 51.823803 
 861 	 51.789102 
 862 	 51.841154 
 863 	 51.823803 
 864 	 51.789102 
 865 	 52.170815 
 866 	 52.136114 
 867 	 52.240217 
 868 	 51.789102 
 869 	 52.188166 
 870 	 52.205516 
 871 	 51.771751 
 872 	 51.754401 
 873 	 52.101413 
 874 	 51.771751 
 875 	 51.771751 
 876 	 52.188166 
 877 	 51.754401 
 878 	 51.771751 
 879 	 51.771751 
 880 	 51.737050 
 881 	 51.754401 
 882 	 51.737050 
 883 	 51.789102 
 884 	 52.153464 
 885 	 52.136114 
 886 	 51.771751 
 887 	 51.737050 
 888 	 52.170815 
 889 	 51.754401 
 890 	 51.719700 
 891 	 51.737050 
 892 	 52.084062 
 893 	 51.737050 
 894 	 52.049361 
 895 	 51.702349 
 896 	 52.118763 
 897 	 51.702349 
 898 	 52.118763 
 899 	 51.702349 
 900 	 52.032010 
 901 	 51.719700 
 902 	 51.667648 
 903 	 52.205516 
 904 	 51.737050 
 905 	 52.084062 
 906 	 52.032010 
 907 	 52.084062 
 908 	 52.066711 
 909 	 52.032010 
 910 	 51.650297 
 911 	 51.650297 
 912 	 51.667648 
 913 	 51.702349 
 914 	 51.667648 
 915 	 51.702349 
 916 	 52.014660 
 917 	 51.667648 
 918 	 51.667648 
 919 	 52.014660 
 920 	 52.049361 
 921 	 51.650297 
 922 	 51.650297 
 923 	 51.945257 
 924 	 52.066711 
 925 	 51.632947 
 926 	 52.032010 
 927 	 51.632947 
 928 	 51.632947 
 929 	 51.598245 
 930 	 51.997309 
 931 	 51.615596 
 932 	 51.615596 
 933 	 51.910556 
 934 	 51.580895 
 935 	 51.927907 
 936 	 51.962608 
 937 	 51.979958 
 938 	 51.580895 
 939 	 51.962608 
 940 	 51.598245 
 941 	 51.580895 
 942 	 51.563544 
 943 	 51.979958 
 944 	 51.563544 
 945 	 52.136114 
 946 	 51.927907 
 947 	 51.546194 
 948 	 51.893205 
 949 	 51.580895 
 950 	 51.893205 
 951 	 51.927907 
 952 	 51.979958 
 953 	 51.546194 
 954 	 51.893205 
 955 	 51.528843 
 956 	 51.563544 
 957 	 51.563544 
 958 	 51.528843 
 959 	 51.546194 
 960 	 51.563544 
 961 	 51.806453 
 962 	 51.528843 
 963 	 51.563544 
 964 	 51.563544 
 965 	 51.511492 
 966 	 51.511492 
 967 	 51.806453 
 968 	 51.528843 
 969 	 51.494142 
 970 	 51.528843 
 971 	 51.945257 
 972 	 51.806453 
 973 	 51.511492 
 974 	 51.511492 
 975 	 51.511492 
 976 	 51.893205 
 977 	 51.494142 
 978 	 51.875855 
 979 	 51.459441 
 980 	 51.494142 
 981 	 51.459441 
 982 	 51.789102 
 983 	 51.823803 
 984 	 51.823803 
 985 	 51.841154 
 986 	 51.476791 
 987 	 51.823803 
 988 	 51.841154 
 989 	 51.442090 
 990 	 51.893205 
 991 	 51.511492 
 992 	 51.494142 
 993 	 51.476791 
 994 	 51.476791 
 995 	 51.858504 
 996 	 51.476791 
 997 	 51.806453 
 998 	 51.459441 
 999 	 51.476791 
 1000 	 51.459441 
 1001 	 51.442090 
 1002 	 51.442090 
 1003 	 51.841154 
 1004 	 51.841154 
 1005 	 51.442090 
 1006 	 51.841154 
 1007 	 51.424739 
 1008 	 51.442090 
 1009 	 51.806453 
 1010 	 51.858504 
 1011 	 51.424739 
 1012 	 51.771751 
 1013 	 51.407389 
 1014 	 51.823803 
 1015 	 51.459441 
 1016 	 51.459441 
 1017 	 51.841154 
 1018 	 51.789102 
 1019 	 51.823803 
 1020 	 51.476791 
 1021 	 51.459441 
 1022 	 51.754401 
 1023 	 51.459441 
 1024 	 51.442090 
 1025 	 51.459441 
 1026 	 51.459441 
 1027 	 51.789102 
 1028 	 51.372688 
 1029 	 51.424739 
 1030 	 51.407389 
 1031 	 51.442090 
 1032 	 51.858504 
 1033 	 51.372688 
 1034 	 51.424739 
 1035 	 51.424739 
 1036 	 51.390038 
 1037 	 51.390038 
 1038 	 51.806453 
 1039 	 51.442090 
 1040 	 51.424739 
 1041 	 51.858504 
 1042 	 51.771751 
 1043 	 51.407389 
 1044 	 51.407389 
 1045 	 51.424739 
 1046 	 51.390038 
 1047 	 52.014660 
 1048 	 51.390038 
 1049 	 51.407389 
 1050 	 51.372688 
 1051 	 51.390038 
 1052 	 51.806453 
 1053 	 51.424739 
 1054 	 51.424739 
 1055 	 51.442090 
 1056 	 51.424739 
 1057 	 51.372688 
 1058 	 51.806453 
 1059 	 51.459441 
 1060 	 51.806453 
 1061 	 51.424739 
 1062 	 51.806453 
 1063 	 51.407389 
 1064 	 51.771751 
 1065 	 51.407389 
 1066 	 51.407389 
 1067 	 51.858504 
 1068 	 51.424739 
 1069 	 51.442090 
 1070 	 51.771751 
 1071 	 51.424739 
 1072 	 51.442090 
 1073 	 51.823803 
 1074 	 51.424739 
 1075 	 51.442090 
 1076 	 51.442090 
 1077 	 51.424739 
 1078 	 51.459441 
 1079 	 51.771751 
 1080 	 51.771751 
 1081 	 51.841154 
 1082 	 51.459441 
 1083 	 51.754401 
 1084 	 51.390038 
 1085 	 51.893205 
 1086 	 51.424739 
 1087 	 51.719700 
 1088 	 51.442090 
 1089 	 51.771751 
 1090 	 51.442090 
 1091 	 51.858504 
 1092 	 51.893205 
 1093 	 51.442090 
 1094 	 51.875855 
 1095 	 51.407389 
 1096 	 51.823803 
 1097 	 51.719700 
 1098 	 51.754401 
 1099 	 51.494142 
 1100 	 51.476791 
 1101 	 51.806453 
 1102 	 51.459441 
 1103 	 51.476791 
 1104 	 51.858504 
 1105 	 51.476791 
 1106 	 51.893205 
 1107 	 51.476791 
 1108 	 51.459441 
 1109 	 51.806453 
 1110 	 51.494142 
 1111 	 51.823803 
 1112 	 51.476791 
 1113 	 51.494142 
 1114 	 51.494142 
 1115 	 51.893205 
 1116 	 51.511492 
 1117 	 51.841154 
 1118 	 51.511492 
 1119 	 51.789102 
 1120 	 51.494142 
 1121 	 51.823803 
 1122 	 51.494142 
 1123 	 51.511492 
 1124 	 51.494142 
 1125 	 51.511492 
 1126 	 51.494142 
 1127 	 51.511492 
 1128 	 51.494142 
 1129 	 51.494142 
 1130 	 51.927907 
 1131 	 51.945257 
 1132 	 51.927907 
 1133 	 51.494142 
 1134 	 51.910556 
 1135 	 51.945257 
 1136 	 51.910556 
 1137 	 51.528843 
 1138 	 51.667648 
 1139 	 51.546194 
 1140 	 52.118763 
 1141 	 51.546194 
 1142 	 51.528843 
 1143 	 51.546194 
 1144 	 51.962608 
 1145 	 51.858504 
 1146 	 51.927907 
 1147 	 51.979958 
 1148 	 51.580895 
 1149 	 51.598245 
 1150 	 51.546194 
 1151 	 51.580895 
 1152 	 51.563544 
 1153 	 51.580895 
 1154 	 52.066711 
 1155 	 51.563544 
 1156 	 51.997309 
 1157 	 51.979958 
 1158 	 51.615596 
 1159 	 51.598245 
 1160 	 51.598245 
 1161 	 51.598245 
 1162 	 51.615596 
 1163 	 51.910556 
 1164 	 51.945257 
 1165 	 51.945257 
 1166 	 51.615596 
 1167 	 51.945257 
 1168 	 52.014660 
 1169 	 51.632947 
 1170 	 52.049361 
 1171 	 51.598245 
 1172 	 51.979958 
 1173 	 51.927907 
 1174 	 51.650297 
 1175 	 51.667648 
 1176 	 52.205516 
 1177 	 51.632947 
 1178 	 52.014660 
 1179 	 52.032010 
 1180 	 51.667648 
 1181 	 51.667648 
 1182 	 51.684998 
 1183 	 52.101413 
 1184 	 52.101413 
 1185 	 52.066711 
 1186 	 52.032010 
 1187 	 52.101413 
 1188 	 51.667648 
 1189 	 51.650297 
 1190 	 51.684998 
 1191 	 52.101413 
 1192 	 52.014660 
 1193 	 51.702349 
 1194 	 51.702349 
 1195 	 51.650297 
 1196 	 51.702349 
 1197 	 51.719700 
 1198 	 52.101413 
 1199 	 51.702349 
 1200 	 51.702349 
 1201 	 52.084062 
 1202 	 52.032010 
 1203 	 52.084062 
 1204 	 51.754401 
 1205 	 52.066711 
 1206 	 51.737050 
 1207 	 51.737050 
 1208 	 52.066711 
 1209 	 51.737050 
 1210 	 52.136114 
 1211 	 52.153464 
 1212 	 52.118763 
 1213 	 52.118763 
 1214 	 51.754401 
 1215 	 52.084062 
 1216 	 52.066711 
 1217 	 52.205516 
 1218 	 51.789102 
 1219 	 52.101413 
 1220 	 51.806453 
 1221 	 51.789102 
 1222 	 51.789102 
 1223 	 51.754401 
 1224 	 51.789102 
 1225 	 51.789102 
 1226 	 52.170815 
 1227 	 51.771751 
 1228 	 51.806453 
 1229 	 51.806453 
 1230 	 51.823803 
 1231 	 51.789102 
 1232 	 52.240217 
 1233 	 52.222867 
 1234 	 52.153464 
 1235 	 52.170815 
 1236 	 51.841154 
 1237 	 52.136114 
 1238 	 51.754401 
 1239 	 52.240217 
 1240 	 51.823803 
 1241 	 52.257568 
 1242 	 51.858504 
 1243 	 51.858504 
 1244 	 51.858504 
 1245 	 52.240217 
 1246 	 51.841154 
 1247 	 52.205516 
 1248 	 52.274919 
 1249 	 51.875855 
 1250 	 51.858504 
 1251 	 52.222867 
 1252 	 52.222867 
 1253 	 51.823803 
 1254 	 51.875855 
 1255 	 51.841154 
 1256 	 52.222867 
 1257 	 52.274919 
 1258 	 52.188166 
 1259 	 52.240217 
 1260 	 51.927907 
 1261 	 51.875855 
 1262 	 51.910556 
 1263 	 51.893205 
 1264 	 52.222867 
 1265 	 52.257568 
 1266 	 51.893205 
 1267 	 51.893205 
 1268 	 52.309620 
 1269 	 52.309620 
 1270 	 51.910556 
 1271 	 51.858504 
 1272 	 51.893205 
 1273 	 52.326970 
 1274 	 52.205516 
 1275 	 51.893205 
 1276 	 51.910556 
 1277 	 51.910556 
 1278 	 51.927907 
 1279 	 52.205516 
 1280 	 52.274919 
 1281 	 52.274919 
 1282 	 51.945257 
 1283 	 52.379022 
 1284 	 51.962608 
 1285 	 51.945257 
 1286 	 51.927907 
 1287 	 51.927907 
 1288 	 52.292269 
 1289 	 51.945257 
 1290 	 51.945257 
 1291 	 52.361672 
 1292 	 51.962608 
 1293 	 51.927907 
 1294 	 52.309620 
 1295 	 52.344321 
 1296 	 52.205516 
 1297 	 51.979958 
 1298 	 52.326970 
 1299 	 52.396373 
 1300 	 51.962608 
 1301 	 51.962608 
 1302 	 52.361672 
 1303 	 51.979958 
 1304 	 52.344321 
 1305 	 51.979958 
 1306 	 52.396373 
 1307 	 52.292269 
 1308 	 51.979958 
 1309 	 51.962608 
 1310 	 51.997309 
 1311 	 52.344321 
 1312 	 51.979958 
 1313 	 51.945257 
 1314 	 51.997309 
 1315 	 52.361672 
 1316 	 51.997309 
 1317 	 52.326970 
 1318 	 51.997309 
 1319 	 51.979958 
 1320 	 52.014660 
 1321 	 52.361672 
 1322 	 52.326970 
 1323 	 51.962608 
 1324 	 52.413723 
 1325 	 51.997309 
 1326 	 51.997309 
 1327 	 51.979958 
 1328 	 51.979958 
 1329 	 51.997309 
 1330 	 51.979958 
 1331 	 52.396373 
 1332 	 51.962608 
 1333 	 52.014660 
 1334 	 51.997309 
 1335 	 52.379022 
 1336 	 51.997309 
 1337 	 52.413723 
 1338 	 51.997309 
 1339 	 52.292269 
 1340 	 52.344321 
 1341 	 51.997309 
 1342 	 51.979958 
 1343 	 52.014660 
 1344 	 52.014660 
 1345 	 51.997309 
 1346 	 51.979958 
 1347 	 51.997309 
 1348 	 51.979958 
 1349 	 51.979958 
 1350 	 51.997309 
 1351 	 52.361672 
 1352 	 52.014660 
 1353 	 51.997309 
 1354 	 52.032010 
 1355 	 52.326970 
 1356 	 52.344321 
 1357 	 52.032010 
 1358 	 52.032010 
 1359 	 52.014660 
 1360 	 52.379022 
 1361 	 51.979958 
 1362 	 51.962608 
 1363 	 51.979958 
 1364 	 52.396373 
 1365 	 52.014660 
 1366 	 51.979958 
 1367 	 51.997309 
 1368 	 51.997309 
 1369 	 52.431074 
 1370 	 51.997309 
 1371 	 52.032010 
 1372 	 52.014660 
 1373 	 52.413723 
 1374 	 52.309620 
 1375 	 51.979958 
 1376 	 52.413723 
 1377 	 51.997309 
 1378 	 51.997309 
 1379 	 51.997309 
 1380 	 51.979958 
 1381 	 51.979958 
 1382 	 51.997309 
 1383 	 51.979958 
 1384 	 51.962608 
 1385 	 52.552528 
 1386 	 52.396373 
 1387 	 51.997309 
 1388 	 52.344321 
 1389 	 52.326970 
 1390 	 51.997309 
 1391 	 51.979958 
 1392 	 51.997309 
 1393 	 52.344321 
 1394 	 51.962608 
 1395 	 52.361672 
 1396 	 51.979958 
 1397 	 51.962608 
 1398 	 51.979958 
 1399 	 51.979958 
 1400 	 52.379022 
 1401 	 52.361672 
 1402 	 51.962608 
 1403 	 51.945257 
 1404 	 52.309620 
 1405 	 51.927907 
 1406 	 52.257568 
 1407 	 51.945257 
 1408 	 52.326970 
 1409 	 51.945257 
 1410 	 51.910556 
 1411 	 51.945257 
 1412 	 51.945257 
 1413 	 51.962608 
 1414 	 51.945257 
 1415 	 51.927907 
 1416 	 51.893205 
 1417 	 52.188166 
 1418 	 52.500476 
 1419 	 52.309620 
 1420 	 51.927907 
 1421 	 51.945257 
 1422 	 51.927907 
 1423 	 51.910556 
 1424 	 52.344321 
 1425 	 52.049361 
 1426 	 52.292269 
 1427 	 52.361672 
 1428 	 52.205516 
 1429 	 51.893205 
 1430 	 52.326970 
 1431 	 52.292269 
 1432 	 51.910556 
 1433 	 51.910556 
 1434 	 51.893205 
 1435 	 51.893205 
 1436 	 51.893205 
 1437 	 52.222867 
 1438 	 51.858504 
 1439 	 51.858504 
 1440 	 52.188166 
 1441 	 52.170815 
 1442 	 51.858504 
 1443 	 51.875855 
 1444 	 51.875855 
 1445 	 51.841154 
 1446 	 52.205516 
 1447 	 52.222867 
 1448 	 52.153464 
 1449 	 51.841154 
 1450 	 51.858504 
 1451 	 51.858504 
 1452 	 51.858504 
 1453 	 52.170815 
 1454 	 51.858504 
 1455 	 51.841154 
 1456 	 51.823803 
 1457 	 52.240217 
 1458 	 51.823803 
 1459 	 52.136114 
 1460 	 51.806453 
 1461 	 51.858504 
 1462 	 51.806453 
 1463 	 52.379022 
 1464 	 52.136114 
 1465 	 52.170815 
 1466 	 52.170815 
 1467 	 51.806453 
 1468 	 52.170815 
 1469 	 51.789102 
 1470 	 52.170815 
 1471 	 52.153464 
 1472 	 52.118763 
 1473 	 52.170815 
 1474 	 52.084062 
 1475 	 51.806453 
 1476 	 51.754401 
 1477 	 52.101413 
 1478 	 51.771751 
 1479 	 51.737050 
 1480 	 51.719700 
 1481 	 52.170815 
 1482 	 52.188166 
 1483 	 51.737050 
 1484 	 51.719700 
 1485 	 52.205516 
 1486 	 52.084062 
 1487 	 51.737050 
 1488 	 52.014660 
 1489 	 52.101413 
 1490 	 52.118763 
 1491 	 52.066711 
 1492 	 51.719700 
 1493 	 52.066711 
 1494 	 52.066711 
 1495 	 51.684998 
 1496 	 51.684998 
 1497 	 51.667648 
 1498 	 51.684998 
 1499 	 51.702349 
 1500 	 52.032010 
 1501 	 51.702349 
 1502 	 51.684998 
 1503 	 52.049361 
 1504 	 51.667648 
 1505 	 52.049361 
 1506 	 52.032010 
 1507 	 52.014660 
 1508 	 51.650297 
 1509 	 52.049361 
 1510 	 51.927907 
 1511 	 52.049361 
 1512 	 51.650297 
 1513 	 51.632947 
 1514 	 52.049361 
 1515 	 51.927907 
 1516 	 51.632947 
 1517 	 51.632947 
 1518 	 51.580895 
 1519 	 51.580895 
 1520 	 51.615596 
 1521 	 51.615596 
 1522 	 52.014660 
 1523 	 51.598245 
 1524 	 51.615596 
 1525 	 51.945257 
 1526 	 51.962608 
 1527 	 51.580895 
 1528 	 51.927907 
 1529 	 51.979958 
 1530 	 51.962608 
 1531 	 51.962608 
 1532 	 51.997309 
 1533 	 51.580895 
 1534 	 51.528843 
 1535 	 51.563544 
 1536 	 51.563544 
 1537 	 51.546194 
 1538 	 51.476791 
 1539 	 51.563544 
 1540 	 51.945257 
 1541 	 51.546194 
 1542 	 51.546194 
 1543 	 51.494142 
 1544 	 51.546194 
 1545 	 51.546194 
 1546 	 51.528843 
 1547 	 51.875855 
 1548 	 51.823803 
 1549 	 51.962608 
 1550 	 51.893205 
 1551 	 51.858504 
 1552 	 51.528843 
 1553 	 51.511492 
 1554 	 51.511492 
 1555 	 51.789102 
 1556 	 51.511492 
 1557 	 51.511492 
 1558 	 51.476791 
 1559 	 51.528843 
 1560 	 51.511492 
 1561 	 51.476791 
 1562 	 51.893205 
 1563 	 51.858504 
 1564 	 51.858504 
 1565 	 51.511492 
 1566 	 51.476791 
 1567 	 51.806453 
 1568 	 51.910556 
 1569 	 51.806453 
 1570 	 51.476791 
 1571 	 51.459441 
 1572 	 51.459441 
 1573 	 51.459441 
 1574 	 51.459441 
 1575 	 51.858504 
 1576 	 51.893205 
 1577 	 51.424739 
 1578 	 51.407389 
 1579 	 51.442090 
 1580 	 51.459441 
 1581 	 51.893205 
 1582 	 51.875855 
 1583 	 51.476791 
 1584 	 51.424739 
 1585 	 51.476791 
 1586 	 51.442090 
 1587 	 51.442090 
 1588 	 51.841154 
 1589 	 51.442090 
 1590 	 51.737050 
 1591 	 51.476791 
 1592 	 51.754401 
 1593 	 51.771751 
 1594 	 51.407389 
 1595 	 51.424739 
 1596 	 51.719700 
 1597 	 51.737050 
 1598 	 51.754401 
 1599 	 51.424739 
 1600 	 51.789102 
 1601 	 51.563544 
 1602 	 51.424739 
 1603 	 51.858504 
 1604 	 51.372688 
 1605 	 51.424739 
 1606 	 51.771751 
 1607 	 51.407389 
 1608 	 51.806453 
 1609 	 51.372688 
 1610 	 51.407389 
 1611 	 51.390038 
 1612 	 51.771751 
 1613 	 51.771751 
 1614 	 51.823803 
 1615 	 51.390038 
 1616 	 51.372688 
 1617 	 51.390038 
 1618 	 51.754401 
 1619 	 51.390038 
 1620 	 51.719700 
 1621 	 51.372688 
 1622 	 51.372688 
 1623 	 51.390038 
 1624 	 51.372688 
 1625 	 51.702349 
 1626 	 51.407389 
 1627 	 51.754401 
 1628 	 51.684998 
 1629 	 51.771751 
 1630 	 51.806453 
 1631 	 51.390038 
 1632 	 51.806453 
 1633 	 51.372688 
 1634 	 51.372688 
 1635 	 51.390038 
 1636 	 51.390038 
 1637 	 51.667648 
 1638 	 51.407389 
 1639 	 51.372688 
 1640 	 51.754401 
 1641 	 51.771751 
 1642 	 51.737050 
 1643 	 51.806453 
 1644 	 51.823803 
 1645 	 51.407389 
 1646 	 51.390038 
 1647 	 51.771751 
 1648 	 51.684998 
 1649 	 51.754401 
 1650 	 51.719700 
 1651 	 51.719700 
 1652 	 51.789102 
 1653 	 51.407389 
 1654 	 51.719700 
 1655 	 51.754401 
 1656 	 51.355337 
 1657 	 51.737050 
 1658 	 51.442090 
 1659 	 51.719700 
 1660 	 51.390038 
 1661 	 51.771751 
 1662 	 51.407389 
 1663 	 51.390038 
 1664 	 51.407389 
 1665 	 51.737050 
 1666 	 51.303285 
 1667 	 51.737050 
 1668 	 51.424739 
 1669 	 51.806453 
 1670 	 51.407389 
 1671 	 51.789102 
 1672 	 51.823803 
 1673 	 51.390038 
 1674 	 51.390038 
 1675 	 51.372688 
 1676 	 51.390038 
 1677 	 51.390038 
 1678 	 51.771751 
 1679 	 51.390038 
 1680 	 51.875855 
 1681 	 51.719700 
 1682 	 51.875855 
 1683 	 51.390038 
 1684 	 51.407389 
 1685 	 51.962608 
 1686 	 51.372688 
 1687 	 51.390038 
 1688 	 51.390038 
 1689 	 51.407389 
 1690 	 51.390038 
 1691 	 51.841154 
 1692 	 51.407389 
 1693 	 51.771751 
 1694 	 51.754401 
 1695 	 51.823803 
 1696 	 51.771751 
 1697 	 51.841154 
 1698 	 51.737050 
 1699 	 51.459441 
 1700 	 51.737050 
 1701 	 51.355337 
 1702 	 51.737050 
 1703 	 51.806453 
 1704 	 51.771751 
 1705 	 51.424739 
 1706 	 51.858504 
 1707 	 51.424739 
 1708 	 51.494142 
 1709 	 51.459441 
 1710 	 51.858504 
 1711 	 51.459441 
 1712 	 51.442090 
 1713 	 51.459441 
 1714 	 51.442090 
 1715 	 51.754401 
 1716 	 51.459441 
 1717 	 51.424739 
 1718 	 51.459441 
 1719 	 51.476791 
 1720 	 51.442090 
 1721 	 51.476791 
 1722 	 51.442090 
 1723 	 51.771751 
 1724 	 51.494142 
 1725 	 51.424739 
 1726 	 51.511492 
 1727 	 51.875855 
 1728 	 51.494142 
 1729 	 51.528843 
 1730 	 51.528843 
 1731 	 51.494142 
 1732 	 51.494142 
 1733 	 51.528843 
 1734 	 51.511492 
 1735 	 51.528843 
 1736 	 51.511492 
 1737 	 51.841154 
 1738 	 51.528843 
 1739 	 51.823803 
 1740 	 51.511492 
 1741 	 51.528843 
 1742 	 51.528843 
 1743 	 51.875855 
 1744 	 51.875855 
 1745 	 51.910556 
 1746 	 51.476791 
 1747 	 51.893205 
 1748 	 51.858504 
 1749 	 51.910556 
 1750 	 51.875855 
 1751 	 51.580895 
 1752 	 51.910556 
 1753 	 51.528843 
 1754 	 51.580895 
 1755 	 51.962608 
 1756 	 51.893205 
 1757 	 51.927907 
 1758 	 51.875855 
 1759 	 51.580895 
 1760 	 51.893205 
 1761 	 51.979958 
 1762 	 51.615596 
 1763 	 51.979958 
 1764 	 51.598245 
 1765 	 51.615596 
 1766 	 51.580895 
 1767 	 51.598245 
 1768 	 51.650297 
 1769 	 51.632947 
 1770 	 51.858504 
 1771 	 51.945257 
 1772 	 51.910556 
 1773 	 51.979958 
 1774 	 52.032010 
 1775 	 51.632947 
 1776 	 51.667648 
 1777 	 51.667648 
 1778 	 51.615596 
 1779 	 51.667648 
 1780 	 51.667648 
 1781 	 51.650297 
 1782 	 52.066711 
 1783 	 51.632947 
 1784 	 51.979958 
 1785 	 52.032010 
 1786 	 52.049361 
 1787 	 51.979958 
 1788 	 51.684998 
 1789 	 52.084062 
 1790 	 51.997309 
 1791 	 51.702349 
 1792 	 51.684998 
 1793 	 51.684998 
 1794 	 51.962608 
 1795 	 52.084062 
 1796 	 52.049361 
 1797 	 52.118763 
 1798 	 52.101413 
 1799 	 52.118763 
 1800 	 52.084062 
 1801 	 52.153464 
 1802 	 52.101413 
 1803 	 52.136114 
 1804 	 52.136114 
 1805 	 51.737050 
 1806 	 51.737050 
 1807 	 51.737050 
 1808 	 52.153464 
 1809 	 51.667648 
 1810 	 51.737050 
 1811 	 51.754401 
 1812 	 51.754401 
 1813 	 52.153464 
 1814 	 52.032010 
 1815 	 51.771751 
 1816 	 52.014660 
 1817 	 52.153464 
 1818 	 52.118763 
 1819 	 51.789102 
 1820 	 51.789102 
 1821 	 52.188166 
 1822 	 52.205516 
 1823 	 51.789102 
 1824 	 51.823803 
 1825 	 51.806453 
 1826 	 51.823803 
 1827 	 51.806453 
 1828 	 51.806453 
 1829 	 52.153464 
 1830 	 52.153464 
 1831 	 52.153464 
 1832 	 51.806453 
 1833 	 51.789102 
 1834 	 52.240217 
 1835 	 51.841154 
 1836 	 51.841154 
 1837 	 51.841154 
 1838 	 51.823803 
 1839 	 52.205516 
 1840 	 51.841154 
 1841 	 52.205516 
 1842 	 52.205516 
 1843 	 52.188166 
 1844 	 51.875855 
 1845 	 51.910556 
 1846 	 51.875855 
 1847 	 52.257568 
 1848 	 52.240217 
 1849 	 51.875855 
 1850 	 52.344321 
 1851 	 52.188166 
 1852 	 52.205516 
 1853 	 51.893205 
 1854 	 52.292269 
 1855 	 51.927907 
 1856 	 52.326970 
 1857 	 51.910556 
 1858 	 52.344321 
 1859 	 51.893205 
 1860 	 52.309620 
 1861 	 51.893205 
 1862 	 51.910556 
 1863 	 51.910556 
 1864 	 51.910556 
 1865 	 51.910556 
 1866 	 52.344321 
 1867 	 51.910556 
 1868 	 52.274919 
 1869 	 51.910556 
 1870 	 52.361672 
 1871 	 51.945257 
 1872 	 52.326970 
 1873 	 52.344321 
 1874 	 52.396373 
 1875 	 52.344321 
 1876 	 52.309620 
 1877 	 52.344321 
 1878 	 52.309620 
 1879 	 51.927907 
 1880 	 52.309620 
 1881 	 52.396373 
 1882 	 52.292269 
 1883 	 51.962608 
 1884 	 51.945257 
 1885 	 51.962608 
 1886 	 52.292269 
 1887 	 52.396373 
 1888 	 52.344321 
 1889 	 51.945257 
 1890 	 52.413723 
 1891 	 52.344321 
 1892 	 51.945257 
 1893 	 51.962608 
 1894 	 51.997309 
 1895 	 51.962608 
 1896 	 52.535177 
 1897 	 51.979958 
 1898 	 52.014660 
 1899 	 51.997309 
 1900 	 52.483126 
 1901 	 51.997309 
 1902 	 51.979958 
 1903 	 52.361672 
 1904 	 51.997309 
 1905 	 52.326970 
 1906 	 52.326970 
 1907 	 52.396373 
 1908 	 52.274919 
 1909 	 52.379022 
 1910 	 52.361672 
 1911 	 52.361672 
 1912 	 52.344321 
 1913 	 52.032010 
 1914 	 52.448424 
 1915 	 52.014660 
 1916 	 52.014660 
 1917 	 52.309620 
 1918 	 51.979958 
 1919 	 52.049361 
 1920 	 52.361672 
 1921 	 52.396373 
 1922 	 52.032010 
 1923 	 52.413723 
 1924 	 51.979958 
 1925 	 52.552528 
 1926 	 52.361672 
 1927 	 52.396373 
 1928 	 52.309620 
 1929 	 52.014660 
 1930 	 52.431074 
 1931 	 52.396373 
 1932 	 52.326970 
 1933 	 51.979958 
 1934 	 52.361672 
 1935 	 52.032010 
 1936 	 52.431074 
 1937 	 52.014660 
 1938 	 52.448424 
 1939 	 52.032010 
 1940 	 52.014660 
 1941 	 52.032010 
 1942 	 51.997309 
 1943 	 52.049361 
 1944 	 52.032010 
 1945 	 52.361672 
 1946 	 52.014660 
 1947 	 52.379022 
 1948 	 52.465775 
 1949 	 52.379022 
 1950 	 52.014660 
 1951 	 52.587229 
 1952 	 51.997309 
 1953 	 52.014660 
 1954 	 52.014660 
 1955 	 52.014660 
 1956 	 51.997309 
 1957 	 52.032010 
 1958 	 52.032010 
 1959 	 52.032010 
 1960 	 52.014660 
 1961 	 52.014660 
 1962 	 52.379022 
 1963 	 52.032010 
 1964 	 52.032010 
 1965 	 52.379022 
 1966 	 52.014660 
 1967 	 51.997309 
 1968 	 52.014660 
 1969 	 52.431074 
 1970 	 52.032010 
 1971 	 52.361672 
 1972 	 52.014660 
 1973 	 51.997309 
 1974 	 51.962608 
 1975 	 51.997309 
 1976 	 52.396373 
 1977 	 52.032010 
 1978 	 51.979958 
 1979 	 52.396373 
 1980 	 52.032010 
 1981 	 51.997309 
 1982 	 51.997309 
 1983 	 51.997309 
 1984 	 52.361672 
 1985 	 51.979958 
 1986 	 51.962608 
 1987 	 51.979958 
 1988 	 52.413723 
 1989 	 51.997309 
 1990 	 52.361672 
 1991 	 52.483126 
 1992 	 52.413723 
 1993 	 51.962608 
 1994 	 51.962608 
 1995 	 51.962608 
 1996 	 52.379022 
 1997 	 51.979958 
 1998 	 51.979958 
 1999 	 52.361672 
 2000 	 52.396373 
 2001 	 52.309620 
 2002 	 52.344321 
 2003 	 52.309620 
 2004 	 52.309620 
 2005 	 52.326970 
 2006 	 51.962608 
 2007 	 51.945257 
 2008 	 51.927907 
 2009 	 52.205516 
 2010 	 52.222867 
 2011 	 51.945257 
 2012 	 51.962608 
 2013 	 51.927907 
 2014 	 51.910556 
 2015 	 51.927907 
 2016 	 52.257568 
 2017 	 52.240217 
 2018 	 51.945257 
 2019 	 51.893205 
 2020 	 51.875855 
 2021 	 51.910556 
 2022 	 52.326970 
 2023 	 51.927907 
 2024 	 51.893205 
 2025 	 51.893205 
 2026 	 51.910556 
 2027 	 51.893205 
 2028 	 51.893205 
 2029 	 51.910556 
 2030 	 52.379022 
 2031 	 51.893205 
 2032 	 52.222867 
 2033 	 52.309620 
 2034 	 52.170815 
 2035 	 52.274919 
 2036 	 51.893205 
 2037 	 52.257568 
 2038 	 51.858504 
 2039 	 51.841154 
 2040 	 52.188166 
 2041 	 52.222867 
 2042 	 51.858504 
 2043 	 52.240217 
 2044 	 51.875855 
 2045 	 52.205516 
 2046 	 52.170815 
 2047 	 52.274919 
 2048 	 51.858504 
 2049 	 52.222867 
 2050 	 51.841154 
 2051 	 52.205516 
 2052 	 52.170815 
 2053 	 51.823803 
 2054 	 51.823803 
 2055 	 51.823803 
 2056 	 52.136114 
 2057 	 51.823803 
 2058 	 51.823803 
 2059 	 51.789102 
 2060 	 52.188166 
 2061 	 51.823803 
 2062 	 52.240217 
 2063 	 51.789102 
 2064 	 51.789102 
 2065 	 52.188166 
 2066 	 52.136114 
 2067 	 51.754401 
 2068 	 51.754401 
 2069 	 52.118763 
 2070 	 51.771751 
 2071 	 52.032010 
 2072 	 51.789102 
 2073 	 52.257568 
 2074 	 52.101413 
 2075 	 51.754401 
 2076 	 52.084062 
 2077 	 51.737050 
 2078 	 51.719700 
 2079 	 52.032010 
 2080 	 51.771751 
 2081 	 52.188166 
 2082 	 52.066711 
 2083 	 51.771751 
 2084 	 51.719700 
 2085 	 52.049361 
 2086 	 52.118763 
 2087 	 52.118763 
 2088 	 51.719700 
 2089 	 52.136114 
 2090 	 52.066711 
 2091 	 51.702349 
 2092 	 51.598245 
 2093 	 51.702349 
 2094 	 51.684998 
 2095 	 52.014660 
 2096 	 52.049361 
 2097 	 51.667648 
 2098 	 52.032010 
 2099 	 51.667648 
 2100 	 51.684998 
 2101 	 51.667648 
 2102 	 51.667648 
 2103 	 51.667648 
 2104 	 51.632947 
 2105 	 51.650297 
 2106 	 51.650297 
 2107 	 51.997309 
 2108 	 52.101413 
 2109 	 51.650297 
 2110 	 51.667648 
 2111 	 52.049361 
 2112 	 52.032010 
 2113 	 51.598245 
 2114 	 51.615596 
 2115 	 51.979958 
 2116 	 51.945257 
 2117 	 51.945257 
 2118 	 52.014660 
 2119 	 51.927907 
 2120 	 51.997309 
 2121 	 51.580895 
 2122 	 51.875855 
 2123 	 51.615596 
 2124 	 52.014660 
 2125 	 51.563544 
 2126 	 51.563544 
 2127 	 51.598245 
 2128 	 51.979958 
 2129 	 51.598245 
 2130 	 51.563544 
 2131 	 51.598245 
 2132 	 51.528843 
 2133 	 51.546194 
 2134 	 51.580895 
 2135 	 51.546194 
 2136 	 51.563544 
 2137 	 51.528843 
 2138 	 51.511492 
 2139 	 51.511492 
 2140 	 51.528843 
 2141 	 51.546194 
 2142 	 51.528843 
 2143 	 51.858504 
 2144 	 51.945257 
 2145 	 51.528843 
 2146 	 51.893205 
 2147 	 51.823803 
 2148 	 51.806453 
 2149 	 51.511492 
 2150 	 51.511492 
 2151 	 51.858504 
 2152 	 51.494142 
 2153 	 51.494142 
 2154 	 51.910556 
 2155 	 51.893205 
 2156 	 51.476791 
 2157 	 51.476791 
 2158 	 51.459441 
 2159 	 51.494142 
 2160 	 51.459441 
 2161 	 51.841154 
 2162 	 51.442090 
 2163 	 51.875855 
 2164 	 51.893205 
 2165 	 51.823803 
 2166 	 51.390038 
 2167 	 51.459441 
 2168 	 51.823803 
 2169 	 51.442090 
 2170 	 51.442090 
 2171 	 51.407389 
 2172 	 51.806453 
 2173 	 51.841154 
 2174 	 51.407389 
 2175 	 51.754401 
 2176 	 51.442090 
 2177 	 51.424739 
 2178 	 51.424739 
 2179 	 51.841154 
 2180 	 51.459441 
 2181 	 51.771751 
 2182 	 51.737050 
 2183 	 51.737050 
 2184 	 51.823803 
 2185 	 51.806453 
 2186 	 51.442090 
 2187 	 51.702349 
 2188 	 51.771751 
 2189 	 51.806453 
 2190 	 51.390038 
 2191 	 51.390038 
 2192 	 51.372688 
 2193 	 51.754401 
 2194 	 51.407389 
 2195 	 51.702349 
 2196 	 51.407389 
 2197 	 51.702349 
 2198 	 51.684998 
 2199 	 51.372688 
 2200 	 51.337987 
 2201 	 51.789102 
 2202 	 51.337987 
 2203 	 51.684998 
 2204 	 51.372688 
 2205 	 51.390038 
 2206 	 51.355337 
 2207 	 51.719700 
 2208 	 51.355337 
 2209 	 51.372688 
 2210 	 51.303285 
 2211 	 51.337987 
 2212 	 51.320636 
 2213 	 51.737050 
 2214 	 51.337987 
 2215 	 51.320636 
 2216 	 51.372688 
 2217 	 51.355337 
 2218 	 51.754401 
 2219 	 51.320636 
 2220 	 51.320636 
 2221 	 51.303285 
 2222 	 51.754401 
 2223 	 51.320636 
 2224 	 51.320636 
 2225 	 51.702349 
 2226 	 51.355337 
 2227 	 51.285935 
 2228 	 51.320636 
 2229 	 51.615596 
 2230 	 51.320636 
 2231 	 51.355337 
 2232 	 51.754401 
 2233 	 51.650297 
 2234 	 51.320636 
 2235 	 51.320636 
 2236 	 51.684998 
 2237 	 51.684998 
 2238 	 51.355337 
 2239 	 51.719700 
 2240 	 51.303285 
 2241 	 51.650297 
 2242 	 51.320636 
 2243 	 51.320636 
 2244 	 51.320636 
 2245 	 51.684998 
 2246 	 51.268584 
 2247 	 51.320636 
 2248 	 51.650297 
 2249 	 51.337987 
 2250 	 51.303285 
 2251 	 51.667648 
 2252 	 51.303285 
 2253 	 51.320636 
 2254 	 51.737050 
 2255 	 51.303285 
 2256 	 51.702349 
 2257 	 51.285935 
 2258 	 51.303285 
 2259 	 51.303285 
 2260 	 51.632947 
 2261 	 51.667648 
 2262 	 51.320636 
 2263 	 51.598245 
 2264 	 51.268584 
 2265 	 51.667648 
 2266 	 51.303285 
 2267 	 51.303285 
 2268 	 51.650297 
 2269 	 51.754401 
 2270 	 51.303285 
 2271 	 51.268584 
 2272 	 51.667648 
 2273 	 51.285935 
 2274 	 51.667648 
 2275 	 51.650297 
 2276 	 51.320636 
 2277 	 51.320636 
 2278 	 51.303285 
 2279 	 51.632947 
 2280 	 51.285935 
 2281 	 51.303285 
 2282 	 51.303285 
 2283 	 51.303285 
 2284 	 51.719700 
 2285 	 51.702349 
 2286 	 51.667648 
 2287 	 51.320636 
 2288 	 51.632947 
 2289 	 51.337987 
 2290 	 51.320636 
 2291 	 51.719700 
 2292 	 51.650297 
 2293 	 51.285935 
 2294 	 51.650297 
 2295 	 51.719700 
 2296 	 51.337987 
 2297 	 51.303285 
 2298 	 51.303285 
 2299 	 51.355337 
 2300 	 51.355337 
 2301 	 51.632947 
 2302 	 51.355337 
 2303 	 51.320636 
 2304 	 51.667648 
 2305 	 51.615596 
 2306 	 51.355337 
 2307 	 51.355337 
 2308 	 51.372688 
 2309 	 51.337987 
 2310 	 51.355337 
 2311 	 51.337987 
 2312 	 51.337987 
 2313 	 51.355337 
 2314 	 51.355337 
 2315 	 51.355337 
 2316 	 51.910556 
 2317 	 51.789102 
 2318 	 51.737050 
 2319 	 51.754401 
 2320 	 51.737050 
 2321 	 51.719700 
 2322 	 51.355337 
 2323 	 51.390038 
 2324 	 51.372688 
 2325 	 51.355337 
 2326 	 51.337987 
 2327 	 51.372688 
 2328 	 51.737050 
 2329 	 51.424739 
 2330 	 51.684998 
 2331 	 51.390038 
 2332 	 51.390038 
 2333 	 51.390038 
 2334 	 51.390038 
 2335 	 51.841154 
 2336 	 51.407389 
 2337 	 51.737050 
 2338 	 51.407389 
 2339 	 51.407389 
 2340 	 51.806453 
 2341 	 51.390038 
 2342 	 51.789102 
 2343 	 51.390038 
 2344 	 51.442090 
 2345 	 51.442090 
 2346 	 51.442090 
 2347 	 51.407389 
 2348 	 51.442090 
 2349 	 51.789102 
 2350 	 51.459441 
 2351 	 51.476791 
 2352 	 51.875855 
 2353 	 51.442090 
 2354 	 51.789102 
 2355 	 51.893205 
 2356 	 51.893205 
 2357 	 51.459441 
 2358 	 51.841154 
 2359 	 51.442090 
 2360 	 51.841154 
 2361 	 51.476791 
 2362 	 51.494142 
 2363 	 51.459441 
 2364 	 51.806453 
 2365 	 51.754401 
 2366 	 51.511492 
 2367 	 51.459441 
 2368 	 51.459441 
 2369 	 51.511492 
 2370 	 51.476791 
 2371 	 51.476791 
 2372 	 51.511492 
 2373 	 51.511492 
 2374 	 51.546194 
 2375 	 51.528843 
 2376 	 51.945257 
 2377 	 51.528843 
 2378 	 51.528843 
 2379 	 51.910556 
 2380 	 51.528843 
 2381 	 51.858504 
 2382 	 51.528843 
 2383 	 51.945257 
 2384 	 51.945257 
 2385 	 51.979958 
 2386 	 51.979958 
 2387 	 51.546194 
 2388 	 51.528843 
 2389 	 51.528843 
 2390 	 51.979958 
 2391 	 51.511492 
 2392 	 51.979958 
 2393 	 51.546194 
 2394 	 51.893205 
 2395 	 51.563544 
 2396 	 51.858504 
 2397 	 51.598245 
 2398 	 51.615596 
 2399 	 51.546194 
 